0 6.0546e-39
1 1.12007e-47
2 1.86368e-39
3 7.71265e-61
4 4.25433e-39
5 2.59445e-17
6 3.56429e-39
7 6.65388e-31
8 1.75513e-09
9 1.72007e-09
10 2.2942e-53
11 3.77698e-48
12 3.3859e-48
13 6.96267e-62
14 6.34717e-40
15 1.52326e-09
16 1
17 1
18 1
19 7.96556e-31
20 1.36725e-44
21 3.30171e-36
22 5.36038e-58
23 1.69118e-66
24 4.11607e-58
25 1.24867e-66
26 1.3052e-75
27 1.18051e-67
28 4.96948e-40
29 1.41738e-31
30 1.17803e-22
31 3.44883e-31
32 1.39554e-84
33 3.19477e-62
34 9.54994e-54
35 8.36303e-45
36 2.10874e-53
37 6.82458e-45
38 2.2973e-36
39 1.46446e-53
40 3.24654e-76
41 1.7951e-36
42 1.44427e-45
43 1.47821e-31
44 6.66671e-63
45 7.0398e-54
46 6.22809e-54
47 5.50929e-54
48 4.87286e-54
49 4.30941e-54
50 1.80252e-45
51 2.43743e-63
52 7.77807e-32
53 3.63655e-23
54 2.12676e-37
55 7.14889e-55
56 6.31013e-55
57 8.96065e-69
58 1.37921e-77
59 1.1553e-77
60 9.67563e-78
61 1.38386e-68
62 1.18349e-68
63 1.01198e-68
64 4.75171e-78
65 2.5439e-69
66 3.41863e-46
67 2.78238e-78
68 1.17325e-87
69 4.21839e-56
70 5.24208e-65
71 4.52021e-65
72 2.87534e-56
73 1.46633e-88
74 2.89559e-65
75 4.99537e-33
76 4.63696e-33
77 1.51408e-56
78 4.43686e-80
79 3.69525e-80
80 3.07703e-80
81 9.04294e-57
82 8.77203e-66
83 5.26038e-80
84 4.13723e-71
85 3.6494e-80
86 4.81084e-66
87 4.15783e-57
88 1.08817e-56
89 9.13303e-66
90 8.40621e-57
91 3.96041e-71
92 3.0206e-80
93 2.86236e-71
94 1.74644e-47
95 2.06741e-71
96 2.12875e-62
97 1.26357e-47
98 1.13411e-47
99 4.19037e-62
100 2.76016e-71
101 2.34587e-71
102 1.99344e-71
103 1.69369e-71
104 1.43877e-71
105 5.43368e-62
106 4.71811e-62
107 4.09619e-62
108 3.55575e-62
109 3.08618e-62
110 2.67824e-62
111 2.32389e-62
112 2.01613e-62
113 1.74889e-62
114 1.51685e-62
115 1.31541e-62
116 1.14056e-62
117 9.88814e-63
118 8.57132e-63
119 7.4288e-63
120 6.43765e-63
121 5.57794e-63
122 4.83234e-63
123 4.18581e-63
124 3.62526e-63
125 3.13932e-63
126 2.71813e-63
127 2.35311e-63
128 2.03681e-63
129 2.31051e-73
130 1.95434e-73
131 1.65279e-73
132 1.39754e-73
133 1.1815e-73
134 9.98699e-74
135 8.44036e-74
136 7.13205e-74
137 6.02552e-74
138 5.0898e-74
139 4.29867e-74
140 3.6299e-74
141 9.73063e-65
142 8.39585e-65
143 6.88713e-75
144 6.97587e-50
145 1.96018e-50
146 1.55069e-60
147 4.89358e-51
148 4.35778e-51
149 1.02503e-60
150 3.45456e-51
151 3.89318e-41
152 3.54695e-41
153 7.81336e-51
154 9.45088e-41
155 3.78504e-66
156 1.77775e-50
157 1.58515e-50
158 1.41325e-50
159 2.06884e-66
160 1.65572e-15
161 1.00085e-50
162 8.9191e-51
163 2.44906e-51
164 4.44612e-16
165 7.94211e-26
166 9.53416e-42
167 1.53479e-51
168 4.18213e-52
169 1.92745e-26
170 9.02631e-72
171 1.23913e-81
172 6.50441e-72
173 3.57142e-62
174 2.16426e-36
175 2.94488e-46
176 7.6921e-62
177 1.12972e-97
178 2.16258e-87
179 1.77101e-87
180 1.09958e-77
181 9.76789e-52
182 7.7631e-16
183 7.94959e-88
184 1.79761e-77
185 6.09887e-52
186 6.75218e-16
187 4.81577e-52
188 4.27855e-52
189 3.80082e-52
190 3.21804e-42
191 1.54731e-78
192 3.85693e-89
193 1.05813e-88
194 8.63922e-89
195 7.05217e-89
196 5.7555e-89
197 1.3102e-62
198 3.83123e-89
199 3.66677e-79
200 1.02529e-52
201 2.55374e-79
202 7.24551e-79
203 6.05133e-79
204 6.66044e-69
205 1.94277e-68
206 1.66204e-68
207 1.42165e-68
208 1.21585e-68
209 1.03967e-68
210 8.88882e-69
211 7.59845e-69
212 6.49438e-69
213 5.54986e-69
214 4.74196e-69
215 4.05103e-69
216 3.46023e-69
217 2.95512e-69
218 2.52335e-69
219 2.15432e-69
220 1.83897e-69
221 1.56953e-69
222 1.33936e-69
223 1.14276e-69
224 9.74865e-70
225 8.31504e-70
226 7.09112e-70
227 6.0464e-70
228 5.15476e-70
229 4.39392e-70
230 3.74477e-70
231 3.19102e-70
232 2.71871e-70
233 2.31594e-70
234 1.97253e-70
235 1.67976e-70
236 1.43022e-70
237 1.21756e-70
238 1.03635e-70
239 8.81963e-71
240 7.50457e-71
241 6.38456e-71
242 5.43082e-71
243 4.61881e-71
244 3.92757e-71
245 3.33924e-71
246 7.89975e-72
247 4.25218e-44
248 5.69109e-72
249 1.25283e-82
250 1.47981e-71
251 1.25691e-71
252 1.06742e-71
253 9.06341e-72
254 7.69445e-72
255 6.53119e-72
256 5.54289e-72
257 4.70337e-72
258 3.99034e-72
259 3.38485e-72
260 2.87076e-72
261 2.43435e-72
262 2.06395e-72
263 1.74961e-72
264 1.4829e-72
265 1.25664e-72
266 1.06473e-72
267 9.01974e-73
268 7.63971e-73
269 6.46976e-73
270 5.47806e-73
271 4.6376e-73
272 3.92543e-73
273 3.32207e-73
274 2.81098e-73
275 2.37812e-73
276 2.01158e-73
277 1.70125e-73
278 1.43855e-73
279 1.21622e-73
280 1.02807e-73
281 8.68883e-74
282 7.34222e-74
283 6.20326e-74
284 5.2401e-74
285 4.42573e-74
286 3.7373e-74
287 3.15542e-74
288 2.66368e-74
289 2.2482e-74
290 1.8972e-74
291 1.60072e-74
292 1.35035e-74
293 1.13895e-74
294 9.60475e-75
295 8.09831e-75
296 6.82698e-75
297 1.17125e-86
298 9.60796e-87
299 7.88002e-87
300 6.46157e-87
301 5.29739e-87
302 4.3421e-87
303 3.55837e-87
304 1.21149e-46
305 1.45676e-75
306 1.22596e-75
307 1.03155e-75
308 8.67816e-76
309 7.29946e-76
310 6.13873e-76
311 5.16169e-76
312 4.33939e-76
313 3.64746e-76
314 3.93173e-88
315 1.8475e-58
316 2.62731e-88
317 4.60364e-77
318 2.7267e-47
319 1.43299e-88
320 2.19973e-47
321 9.55634e-89
322 7.8016e-89
323 6.36778e-89
324 1.39252e-59
325 4.23966e-89
326 3.45836e-89
327 2.82046e-89
328 9.27733e-48
329 2.21137e-77
330 1.85323e-77
331 1.55282e-77
332 1.30087e-77
333 2.69939e-78
334 2.25746e-78
335 7.64039e-78
336 6.39619e-78
337 5.35365e-78
338 4.48024e-78
339 3.74865e-78
340 3.13597e-78
341 2.62295e-78
342 2.19347e-78
343 1.83398e-78
344 1.53313e-78
345 1.28141e-78
346 1.07082e-78
347 8.94684e-79
348 7.47383e-79
349 6.24221e-79
350 5.21261e-79
351 4.35205e-79
352 3.63291e-79
353 3.03205e-79
354 2.53011e-79
355 2.11088e-79
356 1.7608e-79
357 1.46851e-79
358 1.22452e-79
359 1.02088e-79
360 8.50948e-80
361 7.09176e-80
362 5.90916e-80
363 4.92286e-80
364 4.10044e-80
365 3.41479e-80
366 2.84327e-80
367 2.36696e-80
368 1.97009e-80
369 1.63946e-80
370 1.36407e-80
371 1.13473e-80
372 9.43769e-81
373 7.84802e-81
374 6.52492e-81
375 5.42387e-81
376 4.50779e-81
377 3.74573e-81
378 3.11193e-81
379 2.58489e-81
380 2.14671e-81
381 1.78248e-81
382 1.47977e-81
383 1.22824e-81
384 1.01928e-81
385 8.45707e-82
386 7.01562e-82
387 5.81877e-82
388 4.82519e-82
389 4.00052e-82
390 3.31617e-82
391 2.74838e-82
392 2.27737e-82
393 1.88673e-82
394 1.5628e-82
395 1.29424e-82
396 1.07163e-82
397 8.87142e-83
398 7.34276e-83
399 6.07635e-83
400 5.02741e-83
401 4.15875e-83
402 3.43953e-83
403 2.84416e-83
404 2.35139e-83
405 4.33853e-84
406 1.41264e-51
407 1.17879e-96
408 8.1441e-110
409 6.33351e-110
410 4.92421e-110
411 6.18265e-65
412 2.97436e-110
413 2.19489e-87
414 3.47117e-84
415 1.99776e-97
416 1.59863e-97
417 2.80361e-98
418 7.69498e-86
419 6.66612e-53
420 1.62329e-65
421 1.39811e-65
422 1.61191e-85
423 4.11762e-53
424 8.92457e-66
425 7.68197e-66
426 2.86533e-53
427 6.05486e-86
428 1.04319e-52
429 1.89894e-85
430 1.56208e-85
431 1.28473e-85
432 1.05642e-85
433 8.68511e-86
434 7.13886e-86
435 5.86675e-86
436 4.82037e-86
437 3.95985e-86
438 3.2523e-86
439 2.67065e-86
440 2.19259e-86
441 1.79975e-86
442 1.47701e-86
443 1.2119e-86
444 9.94177e-87
445 8.15408e-87
446 6.68652e-87
447 5.482e-87
448 4.49357e-87
449 3.68263e-87
450 3.01743e-87
451 2.4719e-87
452 2.02459e-87
453 1.65789e-87
454 4.4929e-67
455 2.24983e-101
456 1.87641e-88
457 1.41433e-101
458 1.12099e-101
459 4.9779e-88
460 4.07058e-88
461 3.32796e-88
462 2.72028e-88
463 2.2231e-88
464 1.81643e-88
465 1.48385e-88
466 1.21192e-88
467 9.89622e-89
468 8.07936e-89
469 6.59471e-89
470 6.76528e-103
471 5.34581e-103
472 4.77431e-55
473 5.8677e-90
474 4.77691e-90
475 1.94202e-89
476 1.64103e-103
477 1.29488e-103
478 1.0215e-103
479 8.05645e-104
480 7.30415e-83
481 6.04437e-83
482 2.68703e-56
483 4.13682e-83
484 2.44976e-104
485 1.92934e-104
486 2.02556e-90
487 1.64726e-90
488 1.33933e-90
489 1.08874e-90
490 8.84855e-91
491 7.19e-91
492 5.84111e-91
493 4.74429e-91
494 3.85263e-91
495 3.1279e-91
496 2.53897e-91
497 2.06049e-91
498 1.67184e-91
499 1.35621e-91
500 1.09994e-91
501 8.91905e-92
502 7.23066e-92
503 5.86065e-92
504 4.74922e-92
505 3.84776e-92
506 3.11674e-92
507 2.52408e-92
508 2.04368e-92
509 1.65437e-92
510 1.33893e-92
511 1.08341e-92
512 8.76469e-93
513 7.08904e-93
514 5.73252e-93
515 4.63459e-93
516 3.74615e-93
517 8.14996e-108
518 6.36736e-108
519 4.97343e-108
520 2.96666e-94
521 8.902e-58
522 1.92722e-94
523 1.84658e-108
524 1.44054e-108
525 1.12351e-108
526 8.7603e-109
527 6.82894e-109
528 5.32206e-109
529 4.14665e-109
530 3.23003e-109
531 2.37592e-58
532 1.95839e-109
533 1.76951e-95
534 1.42235e-95
535 1.14305e-95
536 7.17757e-110
537 4.08428e-95
538 3.28573e-95
539 2.64274e-95
540 2.12511e-95
541 1.7085e-95
542 1.37326e-95
543 1.10356e-95
544 8.8663e-96
545 7.12188e-96
546 5.71942e-96
547 4.59213e-96
548 3.68622e-96
549 2.95837e-96
550 2.37371e-96
551 1.90418e-96
552 1.52718e-96
553 1.22456e-96
554 9.81682e-97
555 7.86804e-97
556 6.30473e-97
557 5.05091e-97
558 4.04554e-97
559 3.23957e-97
560 2.59359e-97
561 2.07596e-97
562 1.66126e-97
563 7.36937e-113
564 1.83239e-98
565 1.4628e-98
566 1.16748e-98
567 9.3158e-99
568 7.43176e-99
569 5.9274e-99
570 1.20048e-113
571 3.8689e-129
572 1.2119e-114
573 2.39316e-99
574 1.90657e-99
575 3.25876e-114
576 1.09419e-75
577 1.9308e-114
578 7.66273e-100
579 1.14279e-114
580 2.89565e-99
581 2.30733e-99
582 1.83812e-99
583 1.46399e-99
584 1.16575e-99
585 9.28055e-100
586 7.38656e-100
587 5.87775e-100
588 4.67607e-100
589 3.71922e-100
590 2.95748e-100
591 2.35122e-100
592 1.86881e-100
593 1.48504e-100
594 1.1798e-100
595 9.37089e-101
596 7.44136e-101
597 5.90777e-101
598 4.68916e-101
599 3.72105e-101
600 2.95213e-101
601 2.34156e-101
602 1.85684e-101
603 1.47212e-101
604 1.16683e-101
605 9.24645e-102
606 7.32554e-102
607 5.80234e-102
608 4.59479e-102
609 3.6377e-102
610 2.87929e-102
611 2.27847e-102
612 1.8026e-102
613 1.42578e-102
614 1.12747e-102
615 8.91365e-103
616 7.04536e-103
617 5.56736e-103
618 4.39837e-103
619 3.47403e-103
620 2.74329e-103
621 2.16574e-103
622 1.70938e-103
623 1.34887e-103
624 1.06414e-103
625 8.39307e-104
626 6.61822e-104
627 5.21746e-104
628 4.11219e-104
629 3.24029e-104
630 2.55265e-104
631 2.01045e-104
632 1.58305e-104
633 1.2462e-104
634 4.09545e-121
635 3.10308e-121
636 2.35052e-121
637 1.77998e-121
638 1.34755e-121
639 2.95104e-105
640 2.31921e-105
641 1.82222e-105
642 1.43138e-105
643 1.12411e-105
644 8.82578e-106
645 6.92777e-106
646 5.43662e-106
647 4.26539e-106
648 3.34567e-106
649 2.62363e-106
650 2.05691e-106
651 1.61221e-106
652 1.26335e-106
653 9.89737e-107
654 7.75192e-107
655 6.07005e-107
656 4.75192e-107
657 3.71912e-107
658 2.91007e-107
659 2.27646e-107
660 1.78037e-107
661 1.39205e-107
662 1.08816e-107
663 8.50396e-108
664 6.64422e-108
665 5.1899e-108
666 4.9614e-125
667 9.47419e-67
668 2.79655e-125
669 2.09867e-125
670 2.12874e-109
671 1.65707e-109
672 8.85442e-126
673 6.63716e-126
674 4.97369e-126
675 3.72606e-126
676 3.90468e-127
677 1.66226e-143
678 2.84985e-110
679 1.17025e-126
680 1.23862e-109
681 9.63658e-110
682 7.49545e-110
683 5.82859e-110
684 6.98196e-68
685 3.52181e-110
686 2.73655e-110
687 2.12584e-110
688 1.65101e-110
689 1.28191e-110
690 9.95072e-111
691 7.72222e-111
692 5.99128e-111
693 4.64715e-111
694 3.60366e-111
695 2.79376e-111
696 2.16534e-111
697 1.67784e-111
698 1.29976e-111
699 1.00662e-111
700 7.79397e-112
701 6.03308e-112
702 4.66883e-112
703 3.61215e-112
704 2.79391e-112
705 2.16046e-112
706 1.6702e-112
707 1.29086e-112
708 9.97423e-113
709 7.70488e-113
710 5.95032e-113
711 4.59413e-113
712 3.54611e-113
713 2.73646e-113
714 2.11113e-113
715 1.62827e-113
716 2.08503e-131
717 9.67856e-114
718 7.45905e-114
719 5.74702e-114
720 4.42679e-114
721 3.40896e-114
722 2.62446e-114
723 2.01997e-114
724 1.55431e-114
725 1.19568e-114
726 9.19557e-115
727 7.07014e-115
728 5.43454e-115
729 4.17623e-115
730 3.20841e-115
731 2.46423e-115
732 1.89216e-115
733 1.45252e-115
734 1.11473e-115
735 8.55264e-116
736 6.5602e-116
737 5.03059e-116
738 3.8566e-116
739 2.9558e-116
740 2.2648e-116
741 1.73488e-116
742 1.3286e-116
743 1.01719e-116
744 7.7856e-117
745 5.95754e-117
746 4.55749e-117
747 3.48552e-117
748 2.66498e-117
749 2.03706e-117
750 1.55666e-117
751 1.18924e-117
752 9.08298e-118
753 6.93537e-118
754 5.29412e-118
755 4.04017e-118
756 3.0824e-118
757 2.35104e-118
758 1.79272e-118
759 1.36662e-118
760 1.04152e-118
761 7.93535e-119
762 6.04432e-119
763 4.60268e-119
764 3.50393e-119
765 2.66674e-119
766 2.02903e-119
767 1.54339e-119
768 1.17367e-119
769 8.92272e-120
770 6.78154e-120
771 5.15277e-120
772 3.91411e-120
773 2.97239e-120
774 2.25663e-120
775 1.71275e-120
776 1.29959e-120
777 9.85827e-121
778 7.47609e-121
779 5.66798e-121
780 4.29597e-121
781 3.25517e-121
782 2.46584e-121
783 1.8674e-121
784 1.4138e-121
785 1.07008e-121
786 8.09702e-122
787 6.12508e-122
788 4.6321e-122
789 3.50205e-122
790 2.64695e-122
791 2.00007e-122
792 1.51086e-122
793 1.14099e-122
794 8.61425e-123
795 6.50176e-123
796 4.90593e-123
797 3.70075e-123
798 2.79084e-123
799 2.10406e-123
800 1.58584e-123
801 1.19491e-123
802 9.00099e-124
803 6.77831e-124
804 5.10304e-124
805 3.84073e-124
806 2.88985e-124
807 7.2905e-144
808 1.68085e-163
809 7.01853e-115
810 7.93396e-164
811 1.94435e-144
812 1.39611e-144
813 9.5543e-96
814 7.19079e-145
815 2.74967e-77
816 1.72239e-126
817 2.65143e-145
818 1.90002e-145
819 1.40737e-146
820 2.11798e-97
821 9.79142e-79
822 7.96535e-78
823 2.25036e-127
824 5.58182e-78
825 6.80009e-97
826 9.36586e-128
827 3.27003e-78
828 6.66124e-147
829 4.7559e-147
830 2.87442e-127
831 2.42185e-147
832 1.60357e-127
833 1.1972e-127
834 8.93546e-128
835 6.66716e-128
836 4.97322e-128
837 3.70857e-128
838 2.7647e-128
839 2.06045e-128
840 1.53514e-128
841 1.14342e-128
842 8.51406e-129
843 6.3378e-129
844 4.71642e-129
845 3.50879e-129
846 2.6096e-129
847 1.94027e-129
848 1.44218e-129
849 1.07164e-129
850 7.96071e-130
851 5.91185e-130
852 4.20535e-131
853 1.32192e-150
854 9.35788e-151
855 1.79273e-130
856 1.32935e-130
857 9.85446e-131
858 7.30292e-131
859 5.4104e-131
860 4.00712e-131
861 2.96691e-131
862 2.19607e-131
863 1.62501e-131
864 1.20209e-131
865 8.88968e-132
866 6.57209e-132
867 4.85725e-132
868 3.58877e-132
869 2.65075e-132
870 1.95731e-132
871 1.44484e-132
872 1.06622e-132
873 7.86581e-133
874 5.80106e-133
875 4.27699e-133
876 3.15237e-133
877 2.32275e-133
878 2.1139e-154
879 1.48339e-154
880 1.04057e-154
881 1.6334e-82
882 4.4796e-135
883 3.58426e-155
884 2.71544e-134
885 1.7581e-155
886 1.46658e-134
887 8.61131e-156
888 7.9111e-135
889 5.80766e-135
890 2.94403e-156
891 2.0571e-156
892 1.43686e-156
893 1.68156e-135
894 9.10159e-104
895 4.88595e-157
896 5.65882e-104
897 7.2015e-52
898 3.01567e-105
899 5.68832e-52
900 1.86221e-105
901 5.59489e-158
902 3.30802e-159
903 9.88785e-180
904 1.59269e-159
905 5.55654e-106
906 1.63079e-126
907 1.8936e-180
908 7.87714e-86
909 8.26615e-181
910 1.64796e-106
911 1.21923e-160
912 1.01172e-106
913 3.56643e-85
914 1.90692e-139
915 2.41593e-85
916 1.00572e-139
917 1.62271e-160
918 6.48868e-139
919 7.76571e-161
920 5.36922e-161
921 1.63694e-141
922 7.02754e-109
923 3.2809e-88
924 2.68177e-88
925 1.75801e-89
926 1.15159e-56
927 1.39487e-77
928 1.09302e-44
929 1.21716e-120
930 8.9243e-45
931 7.00099e-121
932 7.8878e-66
933 4.02243e-121
934 3.09994e-100
935 1.35574e-175
936 1.30154e-153
937 1.26613e-111
938 7.60998e-113
939 9.84199e-91
940 7.61075e-111
941 4.13215e-132
942 8.59055e-167
943 2.36046e-209
944 1.00605e-153
945 3.10262e-176
946 2.07035e-176
947 1.38097e-176
948 9.20764e-177
949 4.67138e-233
950 9.07656e-156
951 6.34927e-156
952 2.1071e-78
953 6.84528e-100
954 1.47265e-78
955 1.65698e-77
956 4.2615e-134
957 9.99221e-156
958 2.30368e-134
959 2.8241e-56
960 4.52648e-113
961 1.82738e-90
962 1.05966e-33
963 8.32437e-191
964 3.28774e-168
965 1.4417e-145
966 1.03249e-145
967 7.3919e-146
968 5.29029e-146
969 3.78493e-146
970 2.70701e-146
971 1.93543e-146
972 1.3833e-146
973 9.88354e-147
974 7.0593e-147
975 5.04039e-147
976 3.59766e-147
977 2.56702e-147
978 1.83102e-147
979 1.30559e-147
980 9.30629e-148
981 4.40451e-171
982 3.26759e-149
983 2.00758e-171
984 2.3943e-148
985 1.70377e-148
986 1.21197e-148
987 8.61844e-149
988 6.12655e-149
989 4.35366e-149
990 3.09275e-149
991 2.19628e-149
992 1.55912e-149
993 1.10643e-149
994 7.84908e-150
995 5.56627e-150
996 3.94603e-150
997 2.79645e-150
998 1.98109e-150
999 1.40298e-150
1000 9.93226e-151
1001 7.02902e-151
1002 4.97269e-151
1003 3.51672e-151
1004 2.48618e-151
1005 1.75702e-151
1006 1.24129e-151
1007 8.76626e-152
1008 6.18879e-152
1009 4.36764e-152
1010 3.08131e-152
1011 2.17306e-152
1012 1.532e-152
1013 1.07967e-152
1014 7.60627e-153
1015 5.35674e-153
1016 3.77118e-153
1017 2.654e-153
1018 1.86712e-153
1019 1.31308e-153
1020 9.23115e-154
1021 6.48736e-154
1022 4.5575e-154
1023 3.2006e-154
1024 1.38597e-155
1025 5.83335e-180
1026 6.78534e-156
1027 7.75738e-155
1028 5.43814e-155
1029 3.81093e-155
1030 2.66967e-155
1031 1.86952e-155
1032 1.30872e-155
1033 9.15816e-156
1034 6.40641e-156
1035 4.47988e-156
1036 3.13157e-156
1037 2.18827e-156
1038 1.52857e-156
1039 1.06737e-156
1040 7.45052e-157
1041 5.19879e-157
1042 3.62629e-157
1043 2.52851e-157
1044 1.76243e-157
1045 1.22801e-157
1046 8.55327e-158
1047 5.95535e-158
1048 4.145e-158
1049 2.88393e-158
1050 2.0058e-158
1051 1.39454e-158
1052 9.6921e-159
1053 6.73358e-159
1054 4.67645e-159
1055 3.24659e-159
1056 2.2531e-159
1057 1.56305e-159
1058 1.08395e-159
1059 7.51424e-160
1060 5.20717e-160
1061 3.60711e-160
1062 2.49779e-160
1063 1.729e-160
1064 1.19639e-160
1065 8.27542e-161
1066 5.72199e-161
1067 3.95498e-161
1068 1.4158e-186
1069 5.00523e-188
1070 1.27731e-237
1071 5.89666e-87
1072 1.64762e-150
1073 6.40587e-213
1074 2.1003e-214
1075 8.28452e-239
1076 1.553e-264
1077 2.58707e-290
1078 1.32718e-290
1079 1.07989e-202
1080 6.77968e-203
1081 4.82814e-180
1082 4.07284e-116
1083 2.11159e-180
1084 2.39205e-116
1085 1.83246e-116
1086 2.52412e-142
1087 5.52929e-118
1088 6.73995e-144
1089 8.42474e-121
1090 6.38796e-121
1091 2.34696e-56
1092 5.12556e-81
1093 4.25962e-81
1094 3.53932e-81
1095 1.4042e-56
1096 1.24585e-30
1097 2.17298e-55
1098 1.68387e-81
1099 2.42194e-196
1100 1.54295e-196
1101 9.82527e-197
1102 6.25375e-197
1103 3.97869e-197
1104 1.21275e-236
1105 2.78935e-171
1106 2.10199e-196
1107 6.81017e-106
1108 5.34424e-106
1109 1.8973e-132
1110 1.4005e-132
1111 4.14148e-159
1112 7.62392e-133
1113 5.62249e-133
1114 4.1452e-133
1115 4.05308e-153
1116 5.7696e-148
1117 2.42932e-173
1118 1.63191e-173
1119 9.72928e-150
1120 3.21458e-151
1121 2.27238e-151
1122 3.13396e-202
1123 1.96965e-202
1124 1.23732e-202
1125 1.69374e-201
1126 8.34391e-155
1127 5.84974e-155
1128 5.79153e-182
1129 1.73967e-140
1130 1.26057e-140
1131 1.65193e-182
1132 2.67641e-177
1133 1.84584e-204
1134 3.90221e-137
1135 1.38514e-111
1136 4.03314e-163
1137 5.06884e-189
1138 5.20688e-257
1139 9.27766e-210
1140 3.74752e-184
1141 2.45547e-184
1142 1.36337e-252
1143 1.05284e-184
1144 1.97173e-179
1145 1.30606e-179
1146 8.64768e-180
1147 5.72344e-180
1148 1.4541e-233
1149 3.01762e-165
1150 5.7874e-138
1151 6.86172e-233
1152 4.01825e-233
1153 7.96928e-206
1154 4.96724e-206
1155 1.19058e-178
1156 1.3483e-152
1157 7.52586e-99
1158 2.10609e-194
1159 6.58603e-221
1160 3.31728e-153
1161 4.23014e-249
1162 1.64197e-153
1163 1.34543e-249
1164 3.1333e-84
1165 4.7843e-179
1166 5.96036e-249
1167 2.787e-221
1168 1.54173e-98
1169 1.00778e-221
1170 6.13474e-152
1171 4.32945e-152
1172 2.18296e-222
1173 6.29907e-196
1174 7.68158e-29
1175 5.18341e-57
1176 9.84999e-101
1178 2.70257e-71
1179 7.57717e-169
1180 5.74212e-244
1181 2.02728e-299
1182 4.74261e-294
1183 2.15183e-267
1184 3.0601e-266
1185 1.6933e-212
1186 1.03932e-212
1187 6.37611e-213
1188 3.90974e-213
1189 1.84863e-240
1190 1.06384e-240
1191 0
1192 0
1193 0
1194 6.19083e-312
1195 3.02154e-312
1196 5.95461e-258
1197 3.29132e-258
1198 7.97469e-286
1199 1.00376e-258
1200 1.97157e-159
1201 2.928e-142
1202 3.75023e-242
1203 4.87486e-170
1204 1.04848e-71
1205 3.16009e-44
1206 2.85862e-44
1207 1.59156e-99
1208 4.45201e-101
1209 3.53268e-101
1210 2.80254e-101
1211 2.22279e-101
1212 5.4172e-46
1213 4.88049e-46
1214 4.3965e-46
1215 1.35867e-47
1216 1.21955e-47
1217 1.09456e-47
1218 1.20606e-75
1219 0.0338483
1220 8.53704e-76
1221 7.26777e-104
1222 1.8023e-74
1223 1.52058e-74
1224 1.46732e-278
1225 1.26607e-222
1226 8.32195e-149
1227 5.91557e-149
1228 6.48351e-75
1229 2.96504e-48
1230 1.22367e-122
1231 2.58893e-179
1232 2.09253e-264
1233 2.45257e-236
1234 3.3029e-311
1235 1.61474e-311
1236 7.8886e-312
1237 1.0767e-283
1238 5.60846e-284
1239 3.04554e-134
1240 1.51876e-284
1241 2.51522e-283
1242 1.31128e-283
1243 6.83169e-284
1244 3.55696e-284
1245 1.85075e-284
1246 5.87206e-315
1247 2.84607e-315
1248 0
1249 0
1250 2.12634e-287
1251 6.36212e-183
1252 4.09619e-107
1253 2.92343e-288
1254 1.50685e-288
1255 8.4434e-318
1256 1.34116e-287
1257 1.71409e-182
1258 3.17955e-317
1259 1.53303e-317
1260 7.38617e-318
1261 1.2149e-316
1262 5.86555e-317
1263 2.82983e-317
1264 3.12425e-182
1265 1.18138e-288
1266 3.16383e-318
1267 3.13091e-289
1268 1.61019e-289
1269 2.90863e-288
1270 0
1271 0
1272 2.19399e-312
1273 0
1274 8.54218e-307
1275 0
1276 1.43368e-229
1277 0
1278 0
1279 0
1280 0
1281 1.91444e-260
1282 6.00584e-231
1283 0
1284 0
1285 1.22047e-231
1286 0
1287 1.39405e-263
1288 5.65603e-204
1289 2.54691e-125
1290 2.21517e-204
1291 1.43368e-125
1292 2.47676e-157
1293 2.57213e-78
1294 8.2732e-77
1295 2.31043e-186
1296 2.26003e-156
1297 4.08518e-96
1298 3.27889e-96
1299 3.43651e-77
1300 5.36996e-157
1301 4.8741e-205
1302 1.33488e-235
1303 8.10527e-284
1304 4.72843e-204
1305 1.05195e-234
1306 4.59183e-283
1307 2.39533e-283
1308 1.24871e-283
1309 6.84452e-173
1310 1.35426e-253
1311 3.09612e-252
1312 1.73403e-252
1313 9.70608e-253
1314 5.42973e-253
1315 3.03571e-253
1316 4.06599e-255
1317 2.83014e-174
1318 1.78568e-286
1319 9.24208e-287
1320 4.78023e-287
1321 5.70001e-175
1322 1.27629e-287
1323 5.92424e-208
1324 3.6745e-208
1325 3.92049e-272
1326 1.13238e-239
1327 1.12127e-272
1328 5.99086e-273
1329 1.0889e-46
1330 4.71023e-211
1331 1.62497e-242
1332 1.09497e-275
1333 0
1334 0
1335 1.52921e-309
1336 7.50486e-310
1337 3.68052e-310
1338 5.33904e-279
1339 0
1340 0
1341 0
1342 5.37199e-182
1343 3.5374e-182
1344 1.09624e-215
1345 3.41598e-164
1346 2.34361e-164
1347 2.4759e-216
1348 2.45562e-248
1349 4.33098e-215
1350 1.23867e-99
1351 9.86168e-100
1352 1.19396e-247
1353 0
1354 0
1355 0
1356 0
1357 0
1358 0
1359 0
1360 0
1361 6.97476e-250
1362 1.16517e-185
1363 6.28232e-101
1364 1.2507e-131
1365 7.57149e-217
1366 5.83592e-166
1367 2.20467e-251
1368 9.02305e-286
1369 1.35742e-253
1370 2.37018e-221
1371 4.98604e-201
1372 0
1373 3.35617e-287
1374 1.73414e-287
1375 0
1376 0
1377 2.70305e-307
1378 1.33346e-307
1379 3.49575e-306
1380 0
1381 0
1382 2.76007e-222
1383 3.8547e-309
1384 0
1385 6.14292e-256
1386 3.26101e-289
1387 1.89315e-256
1388 0
1389 0
1390 0
1391 7.37527e-317
1392 6.35324e-319
1393 0
1394 0
1395 1.66788e-258
1396 2.06873e-225
1397 5.07967e-259
1398 0
1399 0
1400 0
1401 0
1402 0
1403 0
1404 0
1405 0
1406 1.38841e-259
1407 0
1408 3.55668e-315
1409 3.17957e-173
1410 2.11052e-262
1411 1.90793e-264
1412 2.20366e-300
1413 1.10456e-300
1414 4.55219e-233
1415 2.7165e-267
1416 1.38521e-301
1417 0
1418 0
1419 0
1420 0
1421 4.26363e-276
1422 4.62396e-152
1423 2.5776e-206
1424 6.73118e-268
1425 8.16175e-178
1426 2.32659e-212
1427 3.60641e-178
1428 2.74674e-53
1429 2.43335e-53
1430 3.38293e-144
1431 1.90906e-53
1432 1.11627e-51
1433 1.7101e-268
1434 1.35943e-177
1435 2.0589e-108
1436 7.15909e-200
1437 1.44301e-269
1438 7.76534e-270
1439 4.1762e-270
1440 3.15179e-305
1441 2.27808e-307
1442 6.2575e-146
1443 5.53813e-308
1444 0
1445 1.42984e-273
1446 1.63731e-146
1447 3.57717e-237
1448 4.35066e-180
1449 5.54999e-308
1450 3.83652e-310
1451 1.53745e-245
1452 2.92675e-110
1453 2.74617e-203
1454 1.72172e-203
1455 1.07894e-203
1456 6.75812e-204
1457 1.49975e-239
1458 3.83137e-277
1459 6.73136e-242
1460 1.43794e-148
1461 1.0227e-148
1462 3.00351e-248
1463 0
1464 0
1465 0
1466 0
1467 0
1468 1.40858e-202
1469 2.00053e-276
1470 8.70367e-241
1471 0
1472 0
1473 0
1474 0
1475 0
1476 0
1477 0
1478 6.41805e-279
1479 0
1480 0
1481 0
1482 0
1483 1.82983e-299
1484 9.19126e-300
1485 4.61359e-300
1486 2.31421e-300
1487 1.16003e-300
1488 5.81075e-301
1489 2.90868e-301
1490 1.45499e-301
1491 7.27312e-302
1492 3.63313e-302
1493 1.81359e-302
1494 9.04682e-303
1495 5.20039e-305
1496 2.5952e-208
1497 1.27807e-305
1498 0
1499 3.13221e-306
1500 1.37365e-304
1501 6.81881e-305
1502 3.3825e-305
1503 1.67673e-305
1504 8.30581e-306
1505 4.11146e-306
1506 2.03378e-306
1507 1.00532e-306
1508 4.96595e-307
1509 2.65423e-309
1510 0
1511 1.88509e-211
1512 3.13586e-310
1513 1.63384e-312
1514 1.36679e-251
1515 7.66632e-252
1516 4.29754e-252
1517 2.4077e-252
1518 1.34813e-252
1519 0
1520 0
1521 0
1522 0
1523 0
1524 3.28578e-214
1525 2.78293e-314
1526 1.22753e-214
1527 6.55315e-315
1528 4.57684e-215
1529 0
1530 0
1531 4.4515e-296
1532 0
1533 0
1534 0
1535 6.444e-257
1536 3.57033e-257
1537 7.41614e-298
1538 3.73896e-298
1539 3.48356e-197
1540 1.01011e-296
1541 0
1542 1.02006e-258
1543 2.65128e-157
1544 3.36794e-257
1545 0
1546 0
1547 0
1548 1.39821e-321
1549 1.74239e-258
1550 0
1551 1.29253e-119
1552 2.59695e-261
1553 1.70525e-220
1554 0
1555 0
1556 0
1557 0
1558 0
1559 0
1560 1.97626e-323
1561 9.88131e-324
1562 0
1563 0
1564 0
1565 0
1566 0
1567 0
1568 0
1569 0
1570 0
1571 0
1572 0
1573 0
1574 0
1575 0
1576 0
1577 0
1578 0
1579 2.75392e-226
1580 0
1581 0
1582 0
1583 0
1584 0
1585 0
1586 0
1587 0
1588 0
1589 0
1590 0
1591 0
1592 0
1593 0
1594 0
1595 0
1596 0
1597 0
1598 0
1599 0
1600 0
1601 0
1602 0
1603 0
1604 0
1605 0
1606 0
1607 0
1608 0
1609 0
1610 0
1611 0
1612 0
1613 0
1614 0
1615 0
1616 0
1617 0
1618 0
1619 0
1620 0
1621 0
1622 0
1623 0
1624 0
1625 0
1626 0
1627 0
1628 1.27773e-237
1629 4.49918e-240
1630 0
1631 0
1632 0
1633 0
1634 0
1635 1.4007e-261
1636 1.77922e-306
1637 2.45398e-264
1638 1.33659e-264
1639 0
1640 6.889e-263
1641 9.11644e-306
1642 0
1643 0
1644 0
1645 1.80291e-284
1646 6.33249e-242
1647 0
1648 0
1649 0
1650 0
1651 0
1652 0
1653 0
1654 0
1655 0
1656 0
1657 7.13291e-247
1658 4.04458e-247
1659 2.2921e-247
1660 0
1661 1.42721e-245
1662 0
1663 0
1664 0
1665 7.50243e-249
1666 0
1667 0
1668 2.22093e-293
1669 0
1670 0
1671 0
1672 0
1673 0
1674 3.84106e-295
1675 0
1676 9.87952e-296
1677 0
1678 2.53419e-296
1679 2.37281e-252
1680 2.85481e-250
1681 0
1682 0
1683 1.82228e-295
1684 0
1685 0
1686 0
1687 0
1688 0
1689 0
1690 0
1691 0
1692 0
1693 0
1694 0
1695 0
1696 0
1697 0
1698 0
1699 0
1700 0
1701 0
1702 0
1703 0
1704 0
1705 0
1706 0
1707 0
1708 0
1709 0
1710 0
1711 0
1712 0
1713 0
1714 0
1715 0
1716 2.01212e-259
1717 0
1718 0
1719 3.35746e-260
1720 0
1721 0
1722 0
1723 3.05855e-261
1724 0
1725 0
1726 0
1727 0
1728 0
1729 0
1730 0
1731 0
1732 0
1733 0
1734 0
1735 0
1736 0
1737 0
1738 0
1739 0
1740 0
1741 0
1742 0
1743 0
1744 0
1745 0
1746 0
1747 0
1748 0
1749 0
1750 0
1751 0
1752 0
1753 0
1754 0
1755 0
1756 0
1757 0
1758 0
1759 0
1760 0
1761 0
1762 0
1763 0
1764 0
1765 0
1766 0
1767 0
1768 0
1769 0
1770 0
1771 0
1772 0
1773 0
1774 0
1775 0
1776 0
1777 0
1778 0
1779 0
1780 0
1781 0
1782 0
1783 0
1784 0
1785 0
1786 0
1787 0
1788 0
1789 0
1790 0
1791 0
1792 0
1793 0
1794 0
1795 0
1796 0
1797 0
1798 0
1799 0
1800 0
1801 0
1802 0
1803 0
1804 0
1805 0
1806 0
1807 0
1808 0
1809 0
1810 0
1811 0
1812 0
1813 0
1814 0
1815 0
1816 0
1817 0
1818 0
1819 0
1820 0
1821 0
1822 0
1823 0
1824 0
1825 0
1826 0
1827 0
1828 0
1829 0
1830 0
1831 0
1832 0
1833 0
1834 0
1835 0
1836 0
1837 0
1838 0
1839 0
1840 0
1841 0
1842 0
1843 0
1844 0
1845 0
1846 0
1847 0
1848 0
1849 0
1850 0
1851 0
1852 0
1853 0
1854 0
1855 0
1856 0
1857 0
1858 0
1859 0
1860 0
1861 0
1862 0
1863 0
1864 0
1865 0
1866 0
1867 0
1868 0
1869 0
1870 0
1871 0
1872 0
1873 0
1874 0
1875 0
1876 0
1877 0
1878 0
1879 0
1880 0
1881 0
1882 0
1883 0
1884 0
1885 0
1886 0
1887 0
1888 0
1889 0
1890 1.28876e-308
1891 0
1892 0
1893 0
1894 0
1895 0
1896 0
1897 0
1898 0
1899 3.29801e-317
1900 1.28192e-314
1901 6.21808e-315
1902 3.01394e-315
1903 1.20073e-312
1904 0
1905 2.84883e-313
1906 0
1907 0
1908 3.27456e-314
1909 0
1910 0
1911 0
1912 0
1913 0
1914 0
1915 0
1916 1.10315e-319
1917 0
1918 2.53357e-320
1919 8.15898e-229
1920 2.40041e-288
1921 0
1922 0
1923 0
1924 0
1925 0
1926 6.91692e-323
1927 0
1928 0
1929 0
1930 0
1931 0
1932 0
1933 0
1934 0
1935 0
1936 0
1937 0
1938 0
1939 0
1940 0
1941 0
1942 0
1943 0
1944 0
1945 0
1946 0
1947 0
1948 0
1949 0
1950 0
1951 0
1952 0
1953 0
1954 0
1955 0
1956 0
1957 0
1958 0
1959 0
1960 0
1961 0
1962 0
1963 0
1964 0
1965 0
1966 0
1967 0
1968 0
1969 0
1970 0
1971 0
1972 0
1973 0
1974 0
1975 0
1976 0
1977 0
1978 0
1979 0
1980 0
1981 0
1982 0
1983 0
1984 0
1985 0
1986 0
1987 0
1988 0
1989 0
1990 0
1991 0
1992 0
1993 0
1994 0
1995 5.90778e-314
1996 0
1997 0
1998 0
1999 0
2000 0
2001 0
2002 0
2003 0
2004 0
2005 0
2006 0
2007 0
2008 0
2009 0
2010 0
2011 0
2012 0
2013 0
2014 0
2015 0
2016 0
2017 0
2018 0
2019 0
2020 0
2021 0
2022 0
2023 0
2024 0
2025 0
2026 0
2027 0
2028 0
2029 0
2030 0
2031 0
2032 0
2033 0
2034 0
2035 0
2036 0
2037 0
2038 0
2039 0
2040 0
2041 0
2042 0
2043 0
2044 0
2045 0
2046 0
2047 0
2048 0
2049 0
2050 0
2051 0
2052 0
2053 0
2054 0
2055 0
2056 0
2057 0
2058 0
2059 0
2060 0
2061 0
2062 0
2063 0
2064 0
2065 0
2066 0
2067 0
2068 0
2069 0
2070 0
2071 0
2072 0
2073 0
2074 0
2075 0
2076 0
2077 0
2078 0
2079 0
2080 0
2081 0
2082 0
2083 0
2084 0
2085 0
2086 0
2087 0
2088 0
2089 0
2090 0
2091 0
2092 0
2093 0
2094 0
2095 0
2096 0
2097 0
2098 0
2099 0
2100 0
2101 0
2102 0
2103 0
2104 0
2105 0
2106 0
2107 0
2108 0
2109 0
2110 0
2111 0
2112 0
2113 0
2114 0
2115 0
2116 0
2117 0
2118 0
2119 0
2120 0
2121 0
2122 0
2123 0
2124 0
2125 0
2126 0
2127 0
2128 0
2129 0
2130 0
2131 0
2132 0
2133 0
2134 0
2135 0
2136 0
2137 0
2138 0
2139 0
2140 0
2141 0
2142 0
2143 0
2144 0
2145 0
2146 0
2147 0
2148 0
2149 0
2150 0
2151 0
2152 0
2153 0
2154 0
2155 0
2156 0
2157 0
2158 0
2159 0
2160 0
2161 0
2162 0
2163 0
2164 0
2165 0
2166 0
2167 0
2168 0
2169 0
2170 0
2171 0
2172 0
2173 0
2174 0
2175 0
2176 0
2177 0
2178 0
2179 0
2180 0
2181 0
2182 0
2183 0
2184 0
2185 0
2186 0
2187 0
2188 0
2189 0
2190 0
2191 0
2192 0
2193 0
2194 0
2195 0
2196 0
2197 0
2198 0
2199 0
2200 0
2201 0
2202 0
2203 0
2204 0
2205 0
2206 0
2207 0
2208 0
2209 0
2210 0
2211 0
2212 0
2213 0
2214 0
2215 0
2216 0
2217 0
2218 0
2219 0
2220 0
2221 0
2222 0
2223 0
2224 0
2225 0
2226 0
2227 0
2228 0
2229 0
2230 0
2231 0
2232 0
2233 0
2234 0
2235 0
2236 0
2237 0
2238 0
2239 0
2240 0
2241 0
2242 0
2243 0
2244 0
2245 0
2246 0
2247 0
2248 0
2249 0
2250 0
2251 0
2252 0
2253 0
2254 0
2255 0
2256 0
2257 0
2258 0
2259 0
2260 0
2261 0
2262 0
2263 0
2264 0
2265 0
2266 0
2267 0
2268 0
2269 0
2270 0
2271 0
2272 0
2273 0
2274 0
2275 0
2276 0
2277 0
2278 0
2279 0
2280 0
2281 0
2282 0
2283 0
2284 0
2285 0
2286 0
2287 0
2288 0
2289 0
2290 0
2291 0
2292 0
2293 0
2294 0
2295 0
2296 0
2297 0
2298 0
2299 0
2300 0
2301 0
2302 0
2303 0
2304 0
2305 0
2306 0
2307 0
2308 0
2309 0
2310 0
2311 0
2312 0
2313 0
2314 0
2315 0
2316 0
2317 0
2318 0
2319 0
2320 0
2321 0
2322 0
2323 0
2324 0
2325 0
2326 0
2327 0
2328 0
2329 0
2330 0
2331 0
2332 0
2333 0
2334 0
2335 0
2336 0
2337 0
2338 0
2339 0
2340 0
2341 0
2342 0
2343 0
2344 0
2345 0
2346 0
2347 0
2348 0
2349 0
2350 0
2351 0
2352 0
2353 0
2354 0
2355 0
2356 0
2357 0
2358 0
2359 0
2360 0
2361 0
2362 0
2363 0
2364 0
2365 0
2366 0
2367 0
2368 0
2369 0
2370 0
2371 0
2372 0
2373 0
2374 0
2375 0
2376 0
2377 0
2378 0
2379 0
2380 0
2381 0
2382 0
2383 0
2384 0
2385 0
2386 0
2387 0
2388 0
2389 0
2390 0
2391 0
2392 0
2393 0
2394 0
2395 0
2396 0
2397 0
2398 0
2399 0
2400 0
2401 0
2402 0
2403 0
2404 0
2405 0
2406 0
2407 0
2408 0
2409 0
2410 0
2411 0
2412 0
2413 0
2414 0
2415 0
2416 0
2417 0
2418 0
2419 0
2420 0
2421 0
2422 0
2423 0
2424 0
2425 0
2426 4.74554e-286
2427 4.80078e-45
2428 1.27286e-286
2429 0
2430 0
2431 0
2432 0
2433 0
2434 0
2435 0
2436 0
2437 0
2438 0
2439 0
2440 0
2441 0
2442 0
2443 0
2444 0
2445 0
2446 0
2447 0
2448 0
2449 0
2450 0
2451 0
2452 0
2453 0
2454 0
2455 0
2456 0
2457 4.10978e-300
2458 0
2459 0
2460 6.35998e-296
2461 0
2462 0
2463 0
2464 0
2465 0
2466 0
2467 0
2468 0
2469 0
2470 0
2471 0
2472 0
2473 0
2474 0
2475 0
2476 0
2477 0
2478 0
2479 0
2480 0
2481 0
2482 0
2483 0
2484 0
2485 0
2486 0
2487 0
2488 0
2489 0
2490 0
2491 0
2492 0
2493 0
2494 0
2495 0
2496 0
2497 0
2498 0
2499 0
2500 0
2501 0
2502 0
2503 0
2504 0
2505 0
2506 0
2507 0
2508 0
2509 0
2510 0
2511 0
2512 0
2513 0
2514 0
2515 0
2516 0
2517 0
2518 0
2519 0
2520 0
2521 0
2522 0
2523 0
2524 0
2525 0
2526 0
2527 0
2528 0
2529 0
2530 0
2531 0
2532 0
2533 0
2534 0
2535 0
2536 0
2537 0
2538 0
2539 0
2540 0
2541 0
2542 0
2543 0
2544 0
2545 0
2546 0
2547 0
2548 0
2549 0
2550 0
2551 0
2552 0
2553 0
2554 0
2555 0
2556 0
2557 0
2558 0
2559 0
2560 0
2561 0
2562 0
2563 0
2564 0
2565 0
2566 0
2567 0
2568 0
2569 0
2570 0
2571 0
2572 0
2573 0
2574 0
2575 0
2576 0
2577 0
2578 0
2579 0
2580 0
2581 0
2582 0
2583 0
2584 0
2585 0
2586 0
2587 0
2588 0
2589 0
2590 0
2591 0
2592 0
2593 0
2594 0
2595 0
2596 0
2597 0
2598 0
2599 0
2600 0
2601 0
2602 0
2603 0
2604 0
2605 0
2606 0
2607 0
2608 0
2609 0
2610 0
2611 0
2612 0
2613 0
2614 0
2615 0
2616 0
2617 0
2618 0
2619 0
2620 0
2621 0
2622 0
2623 0
2624 0
2625 0
2626 0
2627 0
2628 0
2629 0
2630 0
2631 0
2632 0
2633 0
2634 0
2635 0
2636 0
2637 0
2638 0
2639 0
2640 0
2641 0
2642 0
2643 0
2644 0
2645 0
2646 0
2647 0
2648 0
2649 0
2650 0
2651 0
2652 0
2653 0
2654 0
2655 0
2656 0
2657 0
2658 0
2659 0
2660 0
2661 0
2662 0
2663 0
2664 0
2665 0
2666 0
2667 0
2668 0
2669 0
2670 0
2671 0
2672 0
2673 0
2674 0
2675 0
2676 0
2677 0
2678 0
2679 0
2680 0
2681 0
2682 0
2683 0
2684 0
2685 0
2686 0
2687 0
2688 0
2689 0
2690 0
2691 0
2692 0
2693 0
2694 0
2695 0
2696 0
2697 0
2698 0
2699 0
2700 0
2701 0
2702 0
2703 0
2704 0
2705 0
2706 0
2707 0
2708 0
2709 0
2710 0
2711 0
2712 0
2713 0
2714 0
2715 0
2716 0
2717 0
2718 0
2719 0
2720 0
2721 0
2722 0
2723 0
2724 0
2725 0
2726 0
2727 0
2728 0
2729 0
2730 0
2731 0
2732 0
2733 0
2734 0
2735 0
2736 0
2737 0
2738 0
2739 0
2740 0
2741 0
2742 0
2743 0
2744 0
2745 0
2746 0
2747 0
2748 0
2749 0
2750 0
2751 0
2752 0
2753 0
2754 0
2755 0
2756 0
2757 0
2758 0
2759 0
2760 0
2761 0
2762 0
2763 0
2764 0
2765 0
2766 0
2767 0
2768 0
2769 0
2770 0
2771 0
2772 0
2773 0
2774 0
2775 0
2776 0
2777 0
2778 0
2779 0
2780 0
2781 0
2782 0
2783 0
2784 0
2785 0
2786 0
2787 0
2788 0
2789 0
2790 0
2791 0
2792 0
2793 0
2794 0
2795 0
2796 0
2797 0
2798 0
2799 0
2800 0
2801 0
2802 0
2803 0
2804 0
2805 0
2806 0
2807 0
2808 0
2809 0
2810 0
2811 0
2812 0
2813 0
2814 0
2815 0
2816 0
2817 0
2818 0
2819 0
2820 0
2821 0
2822 0
2823 0
2824 0
2825 0
2826 0
2827 0
2828 0
2829 0
2830 0
2831 0
2832 0
2833 0
2834 0
2835 0
2836 0
2837 0
2838 0
2839 0
2840 0
2841 0
2842 0
2843 0
2844 0
2845 0
2846 0
2847 0
2848 0
2849 0
2850 0
2851 0
2852 0
2853 0
2854 0
2855 0
2856 0
2857 0
2858 0
2859 0
2860 0
2861 0
2862 0
2863 0
2864 0
2865 0
2866 0
2867 0
2868 0
2869 0
2870 0
2871 0
2872 0
2873 0
2874 0
2875 0
2876 0
2877 0
2878 0
2879 0
2880 0
2881 0
2882 0
2883 0
2884 0
2885 0
2886 0
2887 0
2888 0
2889 0
2890 0
2891 0
2892 0
2893 0
2894 0
2895 0
2896 0
2897 0
2898 0
2899 0
2900 0
2901 0
2902 0
2903 0
2904 0
2905 0
2906 0
2907 0
2908 0
2909 0
2910 0
2911 0
2912 0
2913 0
2914 0
2915 0
2916 0
2917 0
2918 0
2919 0
2920 0
2921 0
2922 0
2923 0
2924 0
2925 0
2926 0
2927 0
2928 0
2929 0
2930 0
2931 0
2932 0
2933 0
2934 0
2935 0
2936 0
2937 0
2938 0
2939 0
2940 0
2941 0
2942 0
2943 0
2944 0
2945 0
2946 0
2947 0
2948 0
2949 0
2950 0
2951 0
2952 0
2953 0
2954 0
2955 0
2956 0
2957 0
2958 0
2959 0
2960 0
2961 0
2962 0
2963 0
2964 0
2965 0
2966 0
2967 0
2968 0
2969 0
2970 0
2971 0
2972 0
2973 0
2974 0
2975 0
2976 0
2977 0
2978 0
2979 0
2980 0
2981 0
2982 0
2983 0
2984 0
2985 0
2986 0
2987 0
2988 0
2989 0
2990 0
2991 0
2992 0
2993 0
2994 0
2995 0
2996 0
2997 0
2998 0
2999 0
3000 0
3001 0
3002 0
3003 0
3004 0
3005 0
3006 0
3007 0
3008 0
3009 0
3010 0
3011 0
3012 0
3013 0
3014 0
3015 0
3016 0
3017 0
3018 0
3019 0
3020 0
3021 0
3022 0
3023 0
3024 0
3025 0
3026 0
3027 0
3028 0
3029 0
3030 0
3031 0
3032 0
3033 0
3034 0
3035 0
3036 0
3037 0
3038 0
3039 0
3040 0
3041 0
3042 0
3043 0
3044 0
3045 0
3046 0
3047 0
3048 0
3049 0
3050 0
3051 0
3052 0
3053 0
3054 0
3055 0
3056 0
3057 0
3058 0
3059 0
3060 0
3061 0
3062 0
3063 0
3064 0
3065 0
3066 0
3067 0
3068 0
3069 0
3070 0
3071 4.18116e-282
3072 0
3073 0
3074 0
3075 0
3076 0
3077 0
3078 0
3079 0
3080 0
3081 0
3082 0
3083 0
3084 0
3085 0
3086 0
3087 0
3088 0
3089 0
3090 0
3091 0
3092 0
3093 0
3094 0
3095 0
3096 0
3097 0
3098 0
3099 0
3100 0
3101 0
3102 0
3103 0
3104 0
3105 0
3106 0
3107 0
3108 0
3109 0
3110 0
3111 0
3112 0
3113 0
3114 0
3115 0
3116 0
3117 0
3118 0
3119 0
3120 0
3121 0
3122 0
3123 0
3124 0
3125 0
3126 0
3127 0
3128 0
3129 0
3130 0
3131 0
3132 0
3133 0
3134 0
3135 0
3136 0
3137 0
3138 0
3139 0
3140 0
3141 0
3142 0
3143 0
3144 0
3145 0
3146 0
3147 0
3148 0
3149 0
3150 0
3151 0
3152 0
3153 0
3154 0
3155 0
3156 0
3157 0
3158 0
3159 0
3160 0
3161 0
3162 0
3163 0
3164 0
3165 0
3166 0
3167 0
3168 0
3169 0
3170 0
3171 0
3172 0
3173 0
3174 0
3175 0
3176 0
3177 0
3178 0
3179 0
3180 0
3181 0
3182 0
3183 0
3184 0
3185 0
3186 0
3187 0
3188 0
3189 0
3190 0
3191 0
3192 0
3193 0
3194 0
3195 0
3196 0
3197 0
3198 0
3199 0
3200 0
3201 0
3202 0
3203 0
3204 0
3205 0
3206 0
3207 0
3208 0
3209 0
3210 0
3211 0
3212 0
3213 0
3214 0
3215 0
3216 0
3217 0
3218 0
3219 0
3220 0
3221 0
3222 0
3223 0
3224 0
3225 0
3226 0
3227 0
3228 0
3229 0
3230 0
3231 0
3232 0
3233 0
3234 0
3235 0
3236 0
3237 0
3238 0
3239 0
3240 0
3241 0
3242 0
3243 0
3244 0
3245 0
3246 0
3247 0
3248 0
3249 0
3250 0
3251 0
3252 0
3253 0
3254 0
3255 0
3256 0
3257 0
3258 0
3259 0
3260 0
3261 0
3262 0
3263 0
3264 0
3265 0
3266 0
3267 0
3268 0
3269 0
3270 0
3271 0
3272 0
3273 0
3274 0
3275 0
3276 0
3277 0
3278 0
3279 0
3280 0
3281 0
3282 0
3283 0
3284 0
3285 0
3286 0
3287 0
3288 0
3289 0
3290 0
3291 0
3292 0
3293 0
3294 0
3295 0
3296 0
3297 0
3298 0
3299 0
3300 0
3301 0
3302 0
3303 0
3304 0
3305 0
3306 0
3307 0
3308 0
3309 0
3310 0
3311 0
3312 0
3313 0
3314 0
3315 0
3316 0
3317 0
3318 0
3319 0
3320 0
3321 0
3322 0
3323 0
3324 0
3325 0
3326 0
3327 0
3328 0
3329 0
3330 0
3331 0
3332 0
3333 0
3334 0
3335 0
3336 0
3337 0
3338 0
3339 0
3340 0
3341 0
3342 0
3343 0
3344 0
3345 0
3346 0
3347 0
3348 0
3349 0
3350 0
3351 0
3352 0
3353 0
3354 0
3355 0
3356 0
3357 0
3358 0
3359 0
3360 0
3361 0
3362 0
3363 0
3364 0
3365 0
3366 0
3367 0
3368 0
3369 0
3370 0
3371 0
3372 0
3373 0
3374 0
3375 0
3376 0
3377 0
3378 0
3379 0
3380 0
3381 0
3382 0
3383 0
3384 0
3385 0
3386 0
3387 0
3388 0
3389 0
3390 0
3391 0
3392 0
3393 0
3394 0
3395 0
3396 0
3397 0
3398 0
3399 0
3400 0
3401 0
3402 0
3403 0
3404 0
3405 0
3406 0
3407 0
3408 0
3409 0
3410 0
3411 0
3412 0
3413 0
3414 0
3415 0
3416 0
3417 0
3418 0
3419 0
3420 0
3421 0
3422 0
3423 0
3424 0
3425 0
3426 0
3427 0
3428 0
3429 0
3430 0
3431 0
3432 0
3433 0
3434 0
3435 0
3436 0
3437 0
3438 0
3439 0
3440 0
3441 0
3442 0
3443 0
3444 0
3445 0
3446 0
3447 0
3448 0
3449 0
3450 0
3451 0
3452 0
3453 0
3454 0
3455 0
3456 0
3457 0
3458 0
3459 0
3460 0
3461 0
3462 0
3463 0
3464 0
3465 0
3466 0
3467 0
3468 0
3469 0
3470 0
3471 0
3472 0
3473 0
3474 0
3475 0
3476 0
3477 0
3478 0
3479 0
3480 0
3481 0
3482 0
3483 0
3484 0
3485 0
3486 0
3487 0
3488 0
3489 0
3490 0
3491 0
3492 0
3493 0
3494 0
3495 0
3496 0
3497 0
3498 0
3499 0
3500 0
3501 0
3502 0
3503 0
3504 0
3505 0
3506 0
3507 0
3508 0
3509 0
3510 0
3511 0
3512 0
3513 0
3514 0
3515 0
3516 0
3517 0
3518 0
3519 0
3520 0
3521 0
3522 0
3523 0
3524 0
3525 0
3526 0
3527 0
3528 0
3529 0
3530 0
3531 0
3532 0
3533 0
3534 0
3535 0
3536 0
3537 0
3538 0
3539 0
3540 0
3541 0
3542 0
3543 0
3544 0
3545 0
3546 0
3547 0
3548 0
3549 0
3550 0
3551 0
3552 0
3553 0
3554 0
3555 0
3556 0
3557 0
3558 0
3559 0
3560 0
3561 0
3562 0
3563 0
3564 0
3565 0
3566 0
3567 0
3568 0
3569 0
3570 0
3571 0
3572 0
3573 0
3574 0
3575 0
3576 0
3577 0
3578 0
3579 0
3580 0
3581 0
3582 0
3583 0
3584 0
3585 0
3586 0
3587 0
3588 0
3589 0
3590 0
3591 0
3592 0
3593 0
3594 0
3595 0
3596 0
3597 0
3598 0
3599 0
3600 0
3601 0
3602 0
3603 0
3604 0
3605 0
3606 0
3607 0
3608 0
3609 0
3610 0
3611 0
3612 0
3613 0
3614 0
3615 0
3616 0
3617 0
3618 0
3619 0
3620 0
3621 0
3622 0
3623 0
3624 0
3625 0
3626 0
3627 0
3628 0
3629 0
3630 0
3631 0
3632 0
3633 0
3634 0
3635 0
3636 0
3637 0
3638 0
3639 0
3640 0
3641 0
3642 0
3643 0
3644 0
3645 0
3646 0
3647 0
3648 0
3649 0
3650 0
3651 0
3652 0
3653 0
3654 0
3655 0
3656 0
3657 0
3658 0
3659 0
3660 0
3661 0
3662 0
3663 0
3664 0
3665 0
3666 0
3667 0
3668 0
3669 0
3670 0
3671 0
3672 0
3673 0
3674 0
3675 0
3676 0
3677 0
3678 0
3679 0
3680 0
3681 0
3682 0
3683 0
3684 0
3685 0
3686 0
3687 0
3688 0
3689 0
3690 0
3691 0
3692 0
3693 0
3694 0
3695 0
3696 0
3697 0
3698 0
3699 0
3700 0
3701 0
3702 0
3703 0
3704 0
3705 0
3706 0
3707 0
3708 0
3709 0
3710 0
3711 0
3712 0
3713 0
3714 0
3715 0
3716 0
3717 0
3718 0
3719 0
3720 0
3721 0
3722 0
3723 0
3724 0
3725 0
3726 0
3727 0
3728 0
3729 0
3730 0
3731 0
3732 0
3733 0
3734 0
3735 0
3736 0
3737 0
3738 0
3739 0
3740 0
3741 0
3742 0
3743 0
3744 0
3745 0
3746 0
3747 0
3748 0
3749 0
3750 0
3751 0
3752 0
3753 0
3754 0
3755 0
3756 0
3757 0
3758 0
3759 0
3760 0
3761 0
3762 0
3763 0
3764 0
3765 0
3766 0
3767 0
3768 0
3769 0
3770 0
3771 0
3772 0
3773 0
3774 0
3775 0
3776 0
3777 0
3778 0
3779 0
3780 0
3781 0
3782 0
3783 0
3784 0
3785 0
3786 0
3787 0
3788 0
3789 0
3790 0
3791 0
3792 0
3793 0
3794 0
3795 0
3796 0
3797 0
3798 0
3799 0
3800 0
3801 0
3802 0
3803 0
3804 0
3805 0
3806 0
3807 0
3808 0
3809 0
3810 0
3811 0
3812 0
3813 0
3814 0
3815 0
3816 0
3817 0
3818 0
3819 0
3820 0
3821 0
3822 0
3823 0
3824 0
3825 0
3826 0
3827 0
3828 0
3829 0
3830 0
3831 1.30626e-281
3832 0
3833 0
3834 0
3835 0
3836 0
3837 0
3838 0
3839 0
3840 0
3841 0
3842 0
3843 0
3844 0
3845 0
3846 0
3847 0
3848 0
3849 0
3850 0
3851 0
3852 0
3853 0
3854 0
3855 0
3856 0
3857 0
3858 0
3859 0
3860 0
3861 0
3862 0
3863 0
3864 0
3865 0
3866 0
3867 0
3868 0
3869 0
3870 0
3871 0
3872 0
3873 0
3874 0
3875 0
3876 0
3877 0
3878 0
3879 0
3880 0
3881 0
3882 0
3883 0
3884 0
3885 0
3886 0
3887 0
3888 0
3889 0
3890 0
3891 0
3892 0
3893 0
3894 0
3895 0
3896 0
3897 0
3898 0
3899 0
3900 0
3901 0
3902 0
3903 0
3904 0
3905 0
3906 0
3907 0
3908 0
3909 0
3910 0
3911 0
3912 0
3913 0
3914 0
3915 0
3916 0
3917 0
3918 0
3919 0
3920 0
3921 0
3922 0
3923 0
3924 0
3925 0
3926 0
3927 0
3928 0
3929 0
3930 0
3931 0
3932 0
3933 0
3934 0
3935 0
3936 0
3937 0
3938 0
3939 0
3940 0
3941 0
3942 0
3943 0
3944 0
3945 0
3946 0
3947 0
3948 0
3949 0
3950 0
3951 0
3952 0
3953 0
3954 0
3955 0
3956 0
3957 0
3958 0
3959 0
3960 0
3961 0
3962 0
3963 0
3964 0
3965 0
3966 0
3967 0
3968 0
3969 0
3970 0
3971 0
3972 0
3973 0
3974 0
3975 0
3976 0
3977 0
3978 0
3979 0
3980 0
3981 0
3982 0
3983 0
3984 0
3985 0
3986 0
3987 0
3988 0
3989 0
3990 0
3991 0
3992 0
3993 0
3994 0
3995 0
3996 0
3997 0
3998 0
3999 0
4000 0
4001 0
4002 0
4003 0
4004 0
4005 0
4006 0
4007 0
4008 0
4009 0
4010 0
4011 0
4012 0
4013 0
4014 0
4015 0
4016 0
4017 0
4018 0
4019 0
4020 0
4021 0
4022 0
4023 0
4024 0
4025 0
4026 0
4027 0
4028 0
4029 0
4030 0
4031 0
4032 0
4033 0
4034 0
4035 0
4036 0
4037 0
4038 0
4039 0
4040 0
4041 0
4042 0
4043 0
4044 0
4045 0
4046 0
4047 0
4048 0
4049 0
4050 0
4051 0
4052 0
4053 0
4054 0
4055 0
4056 0
4057 0
4058 0
4059 0
4060 0
4061 0
4062 0
4063 0
4064 0
4065 0
4066 0
4067 0
4068 0
4069 0
4070 0
4071 0
4072 0
4073 0
4074 0
4075 0
4076 0
4077 0
4078 0
4079 0
4080 0
4081 0
4082 0
4083 0
4084 0
4085 0
4086 0
4087 0
4088 0
4089 0
4090 0
4091 0
4092 0
4093 0
4094 0
4095 0
4096 0
4097 0
4098 0
4099 0
4100 0
4101 0
4102 0
4103 0
4104 0
4105 0
4106 0
4107 0
4108 0
4109 0
4110 0
4111 0
4112 0
4113 0
4114 0
4115 0
4116 0
4117 0
4118 0
4119 0
4120 0
4121 0
4122 0
4123 0
4124 0
4125 0
4126 0
4127 0
4128 0
4129 0
4130 0
4131 0
4132 0
4133 0
4134 0
4135 0
4136 0
4137 0
4138 0
4139 0
4140 0
4141 0
4142 0
4143 0
4144 0
4145 0
4146 0
4147 0
4148 0
4149 0
4150 0
4151 0
4152 0
4153 0
4154 0
4155 0
4156 0
4157 0
4158 0
4159 0
4160 0
4161 0
4162 0
4163 0
4164 0
4165 0
4166 0
4167 0
4168 0
4169 0
4170 0
4171 0
4172 0
4173 0
4174 0
4175 0
4176 0
4177 0
4178 0
4179 0
4180 0
4181 0
4182 0
4183 0
4184 0
4185 0
4186 0
4187 0
4188 0
4189 0
4190 0
4191 0
4192 0
4193 0
4194 0
4195 0
4196 0
4197 0
4198 0
4199 0
4200 0
4201 0
4202 0
4203 0
4204 0
4205 0
4206 0
4207 0
4208 0
4209 0
4210 0
4211 0
4212 0
4213 0
4214 0
4215 0
4216 0
4217 0
4218 0
4219 0
4220 0
4221 0
4222 0
4223 0
4224 0
4225 0
4226 0
4227 0
4228 0
4229 0
4230 0
4231 0
4232 0
4233 0
4234 0
4235 0
4236 0
4237 0
4238 0
4239 0
4240 0
4241 0
4242 0
4243 0
4244 0
4245 0
4246 0
4247 0
4248 0
4249 0
4250 0
4251 0
4252 0
4253 0
4254 0
4255 0
4256 0
4257 0
4258 0
4259 0
4260 0
4261 0
4262 0
4263 0
4264 0
4265 0
4266 0
4267 0
4268 0
4269 0
4270 0
4271 0
4272 0
4273 0
4274 0
4275 0
4276 0
4277 0
4278 0
4279 0
4280 0
4281 0
4282 0
4283 0
4284 0
4285 0
4286 0
4287 0
4288 0
4289 0
4290 0
4291 0
4292 0
4293 0
4294 0
4295 0
4296 0
4297 0
4298 0
4299 0
4300 0
4301 0
4302 0
4303 0
4304 0
4305 0
4306 0
4307 0
4308 0
4309 0
4310 0
4311 0
4312 0
4313 0
4314 0
4315 0
4316 0
4317 0
4318 0
4319 0
4320 0
4321 0
4322 0
4323 0
4324 0
4325 0
4326 0
4327 0
4328 0
4329 0
4330 0
4331 0
4332 0
4333 0
4334 0
4335 0
4336 0
4337 0
4338 0
4339 0
4340 0
4341 0
4342 0
4343 0
4344 0
4345 0
4346 0
4347 0
4348 0
4349 0
4350 0
4351 0
4352 0
4353 0
4354 0
4355 0
4356 0
4357 0
4358 0
4359 0
4360 0
4361 0
4362 0
4363 0
4364 0
4365 0
4366 0
4367 0
4368 0
4369 0
4370 0
4371 0
4372 0
4373 0
4374 0
4375 0
4376 0
4377 0
4378 0
4379 0
4380 0
4381 0
4382 0
4383 0
4384 0
4385 0
4386 0
4387 0
4388 0
4389 0
4390 0
4391 0
4392 0
4393 0
4394 0
4395 0
4396 0
4397 0
4398 0
4399 0
4400 0
4401 0
4402 0
4403 0
4404 0
4405 0
4406 0
4407 0
4408 0
4409 0
4410 0
4411 0
4412 0
4413 0
4414 0
4415 0
4416 0
4417 0
4418 0
4419 0
4420 0
4421 0
4422 0
4423 0
4424 0
4425 0
4426 0
4427 0
4428 0
4429 0
4430 0
4431 0
4432 0
4433 0
4434 0
4435 0
4436 0
4437 0
4438 0
4439 0
4440 0
4441 0
4442 0
4443 0
4444 0
4445 0
4446 0
4447 0
4448 0
4449 0
4450 0
4451 0
4452 0
4453 0
4454 0
4455 0
4456 0
4457 0
4458 0
4459 0
4460 0
4461 0
4462 0
4463 0
4464 0
4465 0
4466 0
4467 0
4468 0
4469 0
4470 0
4471 0
4472 0
4473 0
4474 0
4475 0
4476 0
4477 0
4478 0
4479 0
4480 0
4481 0
4482 0
4483 0
4484 0
4485 0
4486 0
4487 0
4488 0
4489 0
4490 0
4491 0
4492 0
4493 0
4494 0
4495 0
4496 0
4497 0
4498 0
4499 0
4500 0
4501 0
4502 0
4503 0
4504 0
4505 0
4506 0
4507 0
4508 0
4509 0
4510 0
4511 0
4512 0
4513 0
4514 0
4515 0
4516 0
4517 0
4518 0
4519 0
4520 0
4521 0
4522 0
4523 0
4524 0
4525 0
4526 0
4527 0
4528 0
4529 0
4530 0
4531 0
4532 0
4533 0
4534 0
4535 0
4536 0
4537 0
4538 0
4539 0
4540 0
4541 0
4542 0
4543 0
4544 0
4545 0
4546 0
4547 0
4548 0
4549 0
4550 0
4551 0
4552 0
4553 0
4554 0
4555 0
4556 0
4557 0
4558 0
4559 0
4560 0
4561 0
4562 0
4563 0
4564 0
4565 0
4566 0
4567 0
4568 0
4569 0
4570 0
4571 0
4572 0
4573 0
4574 0
4575 0
4576 0
4577 0
4578 0
4579 0
4580 0
4581 0
4582 0
4583 0
4584 0
4585 0
4586 0
4587 0
4588 0
4589 0
4590 0
4591 0
4592 0
4593 0
4594 0
4595 0
4596 0
4597 0
4598 0
4599 0
4600 0
4601 0
4602 0
4603 0
4604 0
4605 0
4606 0
4607 0
4608 0
4609 0
4610 0
4611 0
4612 0
4613 0
4614 0
4615 0
4616 0
4617 0
4618 0
4619 0
4620 0
4621 0
4622 0
4623 0
4624 0
4625 0
4626 0
4627 0
4628 0
4629 0
4630 0
4631 0
4632 0
4633 0
4634 0
4635 0
4636 0
4637 0
4638 0
4639 0
4640 0
4641 0
4642 0
4643 0
4644 0
4645 0
4646 0
4647 0
4648 0
4649 0
4650 0
4651 0
4652 0
4653 0
4654 0
4655 0
4656 0
4657 0
4658 0
4659 0
4660 0
4661 0
4662 0
4663 0
4664 0
4665 0
4666 0
4667 0
4668 0
4669 0
4670 0
4671 0
4672 0
4673 0
4674 0
4675 0
4676 0
4677 0
4678 0
4679 0
4680 0
4681 0
4682 0
4683 0
4684 0
4685 0
4686 0
4687 0
4688 0
4689 0
4690 0
4691 0
4692 0
4693 0
4694 0
4695 0
4696 0
4697 0
4698 0
4699 0
4700 0
4701 0
4702 0
4703 0
4704 0
4705 0
4706 0
4707 0
4708 0
4709 0
4710 0
4711 0
4712 0
4713 0
4714 0
4715 0
4716 0
4717 0
4718 0
4719 0
4720 0
4721 0
4722 0
4723 0
4724 0
4725 0
4726 0
4727 0
4728 0
4729 0
4730 0
4731 0
4732 0
4733 0
4734 0
4735 0
4736 0
4737 0
4738 0
4739 0
4740 0
4741 0
4742 0
4743 0
4744 0
4745 0
4746 0
4747 0
4748 0
4749 0
4750 0
4751 0
4752 0
4753 0
4754 0
4755 0
4756 0
4757 0
4758 0
4759 0
4760 0
4761 0
4762 0
4763 0
4764 0
4765 0
4766 0
4767 0
4768 0
4769 0
4770 0
4771 0
4772 0
4773 0
4774 0
4775 0
4776 0
4777 0
4778 0
4779 0
4780 0
4781 0
4782 0
4783 0
4784 0
4785 0
4786 0
4787 0
4788 0
4789 0
4790 0
4791 0
4792 0
4793 0
4794 0
4795 0
4796 0
4797 0
4798 0
4799 0
4800 0
4801 0
4802 0
4803 0
4804 0
4805 0
4806 0
4807 0
4808 0
4809 0
4810 0
4811 0
4812 0
4813 0
4814 0
4815 0
4816 0
4817 0
4818 0
4819 0
4820 0
4821 0
4822 0
4823 0
4824 0
4825 0
4826 0
4827 0
4828 0
4829 0
4830 0
4831 0
4832 0
4833 0
4834 0
4835 0
4836 0
4837 0
4838 0
4839 0
4840 0
4841 0
4842 0
4843 0
4844 0
4845 0
4846 0
4847 0
4848 0
4849 0
4850 0
4851 0
4852 0
4853 0
4854 0
4855 0
4856 0
4857 0
4858 0
4859 0
4860 0
4861 0
4862 0
4863 0
4864 0
4865 0
4866 0
4867 0
4868 0
4869 0
4870 0
4871 0
4872 0
4873 0
4874 0
4875 0
4876 0
4877 0
4878 0
4879 0
4880 0
4881 0
4882 0
4883 0
4884 0
4885 0
4886 0
4887 0
4888 0
4889 0
4890 0
4891 0
4892 0
4893 0
4894 0
4895 0
4896 0
4897 0
4898 0
4899 0
4900 0
4901 0
4902 0
4903 0
4904 0
4905 0
4906 0
4907 0
4908 0
4909 0
4910 0
4911 0
4912 0
4913 0
4914 0
4915 0
4916 0
4917 0
4918 0
4919 0
4920 0
4921 0
4922 0
4923 0
4924 0
4925 0
4926 0
4927 0
4928 0
4929 0
4930 0
4931 0
4932 0
4933 0
4934 0
4935 0
4936 0
4937 0
4938 0
4939 0
4940 0
4941 0
4942 0
4943 0
4944 0
4945 0
4946 0
4947 0
4948 0
4949 0
4950 0
4951 0
4952 0
4953 0
4954 0
4955 0
4956 0
4957 0
4958 0
4959 0
4960 0
4961 0
4962 0
4963 0
4964 0
4965 0
4966 0
4967 0
4968 0
4969 0
4970 0
4971 0
4972 0
4973 0
4974 0
4975 0
4976 0
4977 0
4978 0
4979 0
4980 0
4981 0
4982 0
4983 0
4984 0
4985 0
4986 0
4987 0
4988 0
4989 0
4990 0
4991 0
4992 0
4993 0
4994 0
4995 0
4996 0
4997 0
4998 0
4999 0
5000 0
5001 0
5002 0
5003 0
5004 0
5005 0
5006 0
5007 0
5008 0
5009 0
5010 0
5011 0
5012 0
5013 0
5014 0
5015 0
5016 0
5017 0
5018 0
5019 0
5020 0
5021 0
5022 0
5023 0
5024 0
5025 0
5026 0
5027 0
5028 0
5029 0
5030 0
5031 0
5032 0
5033 0
5034 0
5035 0
5036 0
5037 0
5038 0
5039 0
5040 0
5041 0
5042 0
5043 0
5044 0
5045 0
5046 0
5047 0
5048 0
5049 0
5050 0
5051 0
5052 0
5053 0
5054 0
5055 0
5056 0
5057 0
5058 0
5059 0
5060 0
5061 0
5062 0
5063 0
5064 0
5065 0
5066 0
5067 0
5068 0
5069 0
5070 0
5071 0
5072 4.69044e-209
5073 0
5074 0
5075 0
5076 0
5077 0
5078 0
5079 0
5080 0
5081 0
5082 0
5083 0
5084 0
5085 0
5086 0
5087 0
5088 0
5089 0
5090 0
5091 0
5092 0
5093 0
5094 0
5095 0
5096 0
5097 0
5098 0
5099 0
5100 0
5101 0
5102 0
5103 0
5104 0
5105 0
5106 0
5107 0
5108 0
5109 0
5110 0
5111 0
5112 0
5113 0
5114 0
5115 0
5116 0
5117 0
5118 0
5119 0
5120 0
5121 0
5122 0
5123 0
5124 0
5125 0
5126 0
5127 0
5128 0
5129 0
5130 0
5131 0
5132 0
5133 0
5134 0
5135 0
5136 0
5137 0
5138 0
5139 0
5140 0
5141 0
5142 0
5143 0
5144 0
5145 0
5146 0
5147 0
5148 0
5149 0
5150 0
5151 0
5152 0
5153 0
5154 0
5155 0
5156 0
5157 0
5158 0
5159 0
5160 0
5161 0
5162 0
5163 0
5164 0
5165 0
5166 0
5167 0
5168 0
5169 0
5170 0
5171 0
5172 0
5173 0
5174 0
5175 0
5176 0
5177 0
5178 0
5179 0
5180 0
5181 0
5182 0
5183 0
5184 0
5185 0
5186 0
5187 0
5188 0
5189 0
5190 0
5191 0
5192 0
5193 0
5194 0
5195 0
5196 0
5197 0
5198 0
5199 0
5200 0
5201 0
5202 0
5203 0
5204 0
5205 0
5206 0
5207 0
5208 0
5209 0
5210 0
5211 0
5212 0
5213 0
5214 0
5215 0
5216 0
5217 0
5218 0
5219 0
5220 0
5221 0
5222 0
5223 0
5224 0
5225 0
5226 0
5227 0
5228 0
5229 0
5230 0
5231 0
5232 0
5233 0
5234 0
5235 0
5236 0
5237 0
5238 0
5239 0
5240 0
5241 0
5242 0
5243 0
5244 0
5245 0
5246 0
5247 0
5248 0
5249 0
5250 0
5251 0
5252 0
5253 0
5254 0
5255 0
5256 0
5257 0
5258 0
5259 0
5260 0
5261 0
5262 0
5263 0
5264 0
5265 0
5266 0
5267 0
5268 0
5269 0
5270 0
5271 0
5272 0
5273 0
5274 0
5275 0
5276 0
5277 0
5278 0
5279 0
5280 0
5281 0
5282 0
5283 0
5284 0
5285 0
5286 0
5287 0
5288 0
5289 0
5290 0
5291 0
5292 0
5293 0
5294 0
5295 0
5296 0
5297 0
5298 0
5299 0
5300 0
5301 0
5302 0
5303 0
5304 0
5305 0
5306 0
5307 0
5308 0
5309 0
5310 0
5311 0
5312 0
5313 0
5314 0
5315 0
5316 0
5317 0
5318 0
5319 0
5320 0
5321 0
5322 0
5323 0
5324 0
5325 0
5326 0
5327 0
5328 0
5329 0
5330 0
5331 0
5332 0
5333 0
5334 0
5335 0
5336 0
5337 0
5338 0
5339 0
5340 0
5341 0
5342 0
5343 0
5344 0
5345 0
5346 0
5347 0
5348 0
5349 0
5350 0
5351 0
5352 0
5353 0
5354 0
5355 0
5356 0
5357 0
5358 0
5359 0
5360 0
5361 0
5362 0
5363 0
5364 0
5365 0
5366 0
5367 0
5368 0
5369 0
5370 0
5371 0
5372 0
5373 0
5374 0
5375 0
5376 0
5377 0
5378 0
5379 0
5380 0
5381 0
5382 0
5383 0
5384 0
5385 0
5386 0
5387 0
5388 0
5389 0
5390 0
5391 0
5392 0
5393 0
5394 0
5395 0
5396 0
5397 0
5398 0
5399 0
5400 0
5401 0
5402 0
5403 0
5404 0
5405 0
5406 0
5407 0
5408 0
5409 0
5410 0
5411 0
5412 0
5413 0
5414 0
5415 0
5416 0
5417 0
5418 0
5419 0
5420 0
5421 0
5422 0
5423 0
5424 0
5425 0
5426 0
5427 0
5428 0
5429 0
5430 0
5431 0
5432 0
5433 0
5434 0
5435 0
5436 0
5437 0
5438 0
5439 0
5440 0
5441 0
5442 0
5443 0
5444 0
5445 0
5446 0
5447 0
5448 0
5449 0
5450 0
5451 0
5452 0
5453 0
5454 0
5455 0
5456 0
5457 0
5458 0
5459 0
5460 0
5461 0
5462 0
5463 0
5464 0
5465 0
5466 0
5467 0
5468 0
5469 0
5470 0
5471 0
5472 0
5473 0
5474 0
5475 0
5476 0
5477 0
5478 0
5479 0
5480 0
5481 0
5482 0
5483 0
5484 0
5485 0
5486 0
5487 0
5488 0
5489 0
5490 0
5491 0
5492 0
5493 0
5494 0
5495 0
5496 0
5497 0
5498 0
5499 0
5500 0
5501 0
5502 0
5503 0
5504 0
5505 0
5506 0
5507 0
5508 0
5509 0
5510 0
5511 0
5512 0
5513 0
5514 0
5515 0
5516 0
5517 0
5518 0
5519 0
5520 0
5521 0
5522 0
5523 0
5524 0
5525 0
5526 0
5527 0
5528 0
5529 0
5530 0
5531 0
5532 0
5533 0
5534 0
5535 0
5536 0
5537 0
5538 0
5539 0
5540 0
5541 0
5542 0
5543 0
5544 0
5545 0
5546 0
5547 0
5548 0
5549 0
5550 0
5551 0
5552 0
5553 0
5554 0
5555 0
5556 0
5557 0
5558 0
5559 0
5560 0
5561 0
5562 0
5563 0
5564 0
5565 0
5566 0
5567 0
5568 0
5569 0
5570 0
5571 0
5572 0
5573 0
5574 0
5575 0
5576 0
5577 0
5578 0
5579 0
5580 0
5581 0
5582 0
5583 0
5584 0
5585 0
5586 0
5587 0
5588 0
5589 0
5590 0
5591 0
5592 0
5593 0
5594 0
5595 0
5596 0
5597 0
5598 0
5599 0
5600 0
5601 0
5602 0
5603 0
5604 0
5605 0
5606 0
5607 0
5608 0
5609 0
5610 0
5611 0
5612 0
5613 0
5614 0
5615 0
5616 0
5617 0
5618 0
5619 0
5620 0
5621 0
5622 0
5623 0
5624 0
5625 0
5626 0
5627 0
5628 0
5629 0
5630 0
5631 0
5632 0
5633 0
5634 0
5635 0
5636 0
5637 0
5638 0
5639 0
5640 0
5641 0
5642 0
5643 0
5644 0
5645 0
5646 0
5647 0
5648 0
5649 0
5650 0
5651 0
5652 0
5653 0
5654 0
5655 0
5656 0
5657 0
5658 0
5659 0
5660 0
5661 0
5662 0
5663 0
5664 0
5665 0
5666 0
5667 0
5668 0
5669 0
5670 0
5671 0
5672 0
5673 0
5674 0
5675 0
5676 0
5677 0
5678 0
5679 0
5680 0
5681 0
5682 0
5683 0
5684 0
5685 0
5686 0
5687 0
5688 0
5689 0
5690 0
5691 0
5692 0
5693 0
5694 0
5695 0
5696 0
5697 0
5698 0
5699 0
5700 0
5701 0
5702 0
5703 0
5704 0
5705 0
5706 0
5707 0
5708 0
5709 0
5710 0
5711 0
5712 0
5713 0
5714 0
5715 0
5716 0
5717 0
5718 0
5719 0
5720 0
5721 0
5722 0
5723 0
5724 0
5725 0
5726 0
5727 0
5728 0
5729 0
5730 0
5731 0
5732 0
5733 0
5734 0
5735 0
5736 0
5737 0
5738 0
5739 0
5740 0
5741 0
5742 0
5743 0
5744 0
5745 0
5746 0
5747 0
5748 0
5749 0
5750 0
5751 0
5752 0
5753 0
5754 0
5755 0
5756 0
5757 0
5758 0
5759 0
5760 0
5761 0
5762 0
5763 0
5764 0
5765 0
5766 0
5767 0
5768 0
5769 0
5770 0
5771 0
5772 0
5773 0
5774 0
5775 0
5776 0
5777 0
5778 0
5779 0
5780 0
5781 0
5782 0
5783 0
5784 0
5785 0
5786 0
5787 0
5788 0
5789 0
5790 0
5791 0
5792 0
5793 0
5794 0
5795 0
5796 0
5797 0
5798 0
5799 0
5800 0
5801 0
5802 0
5803 0
5804 0
5805 0
5806 0
5807 0
5808 0
5809 0
5810 0
5811 0
5812 0
5813 0
5814 0
5815 0
5816 0
5817 0
5818 0
5819 0
5820 0
5821 0
5822 0
5823 0
5824 0
5825 0
5826 0
5827 0
5828 0
5829 0
5830 0
5831 0
5832 0
5833 0
5834 0
5835 0
5836 0
5837 0
5838 0
5839 0
5840 0
5841 0
5842 0
5843 0
5844 0
5845 0
5846 0
5847 0
5848 0
5849 0
5850 0
5851 0
5852 0
5853 0
5854 0
5855 0
5856 0
5857 0
5858 0
5859 0
5860 0
5861 0
5862 0
5863 0
5864 0
5865 0
5866 0
5867 0
5868 0
5869 0
5870 0
5871 0
5872 0
5873 0
5874 0
5875 0
5876 0
5877 0
5878 0
5879 0
5880 0
5881 0
5882 0
5883 0
5884 0
5885 0
5886 0
5887 0
5888 0
5889 0
5890 0
5891 0
5892 0
5893 0
5894 0
5895 0
5896 0
5897 0
5898 0
5899 0
5900 0
5901 0
5902 0
5903 0
5904 0
5905 0
5906 0
5907 0
5908 0
5909 0
5910 0
5911 0
5912 0
5913 0
5914 0
5915 0
5916 0
5917 0
5918 0
5919 0
5920 0
5921 0
5922 0
5923 0
5924 0
5925 0
5926 0
5927 0
5928 0
5929 0
5930 0
5931 0
5932 0
5933 0
5934 0
5935 0
5936 0
5937 0
5938 0
5939 0
5940 0
5941 0
5942 0
5943 0
5944 0
5945 0
5946 0
5947 0
5948 0
5949 0
5950 0
5951 0
5952 0
5953 0
5954 0
5955 0
5956 0
5957 0
5958 0
5959 0
5960 0
5961 0
5962 0
5963 0
5964 0
5965 0
5966 0
5967 0
5968 0
5969 0
5970 0
5971 0
5972 0
5973 0
5974 0
5975 0
5976 0
5977 0
5978 0
5979 0
5980 0
5981 0
5982 0
5983 0
5984 0
5985 0
5986 0
5987 0
5988 0
5989 0
5990 0
5991 0
5992 0
5993 0
5994 0
5995 0
5996 0
5997 0
5998 0
5999 0
6000 0
6001 0
6002 0
6003 0
6004 0
6005 0
6006 0
6007 0
6008 0
6009 0
6010 0
6011 0
6012 0
6013 0
6014 0
6015 0
6016 0
6017 0
6018 0
6019 0
6020 0
6021 0
6022 0
6023 0
6024 0
6025 0
6026 0
6027 0
6028 0
6029 0
6030 0
6031 0
6032 0
6033 0
6034 0
6035 0
6036 0
6037 0
6038 0
6039 0
6040 0
6041 0
6042 0
6043 0
6044 0
6045 0
6046 0
6047 0
6048 0
6049 0
6050 0
6051 0
6052 0
6053 0
6054 0
6055 0
6056 0
6057 0
6058 0
6059 0
6060 0
6061 0
6062 0
6063 0
6064 0
6065 0
6066 0
6067 0
6068 0
6069 0
6070 0
6071 0
6072 0
6073 0
6074 0
6075 0
6076 0
6077 0
6078 0
6079 0
6080 0
6081 0
6082 0
6083 0
6084 0
6085 0
6086 0
6087 0
6088 0
6089 0
6090 0
6091 0
6092 0
6093 0
6094 0
6095 0
6096 0
6097 0
6098 0
6099 0
6100 0
6101 0
6102 0
6103 0
6104 0
6105 0
6106 0
6107 0
6108 0
6109 0
6110 0
6111 0
6112 0
6113 0
6114 0
6115 0
6116 0
6117 0
6118 0
6119 0
6120 0
6121 0
6122 0
6123 0
6124 0
6125 0
6126 0
6127 0
6128 0
6129 0
6130 0
6131 0
6132 0
6133 0
6134 0
6135 0
6136 0
6137 0
6138 0
6139 0
6140 0
6141 0
6142 0
6143 0
6144 0
6145 0
6146 0
6147 0
6148 0
6149 0
6150 0
6151 0
6152 0
6153 0
6154 0
6155 0
6156 0
6157 0
6158 0
6159 0
6160 0
6161 0
6162 0
6163 0
6164 0
6165 0
6166 0
6167 0
6168 0
6169 0
6170 0
6171 0
6172 0
6173 0
6174 0
6175 0
6176 0
6177 0
6178 0
6179 0
6180 0
6181 0
6182 0
6183 0
6184 0
6185 0
6186 0
6187 0
6188 0
6189 0
6190 0
6191 0
6192 0
6193 0
6194 0
6195 0
6196 0
6197 0
6198 0
6199 0
6200 0
6201 0
6202 0
6203 0
6204 0
6205 0
6206 0
6207 0
6208 0
6209 0
6210 0
6211 0
6212 0
6213 0
6214 0
6215 0
6216 0
6217 0
6218 0
6219 0
6220 0
6221 0
6222 0
6223 0
6224 0
6225 0
6226 0
6227 0
6228 0
6229 0
6230 0
6231 0
6232 0
6233 0
6234 0
6235 0
6236 0
6237 0
6238 0
6239 0
6240 0
6241 0
6242 0
6243 0
6244 0
6245 0
6246 0
6247 0
6248 0
6249 0
6250 0
6251 0
6252 0
6253 0
6254 0
6255 0
6256 0
6257 0
6258 0
6259 0
6260 0
6261 0
6262 0
6263 0
6264 0
6265 0
6266 0
6267 0
6268 0
6269 0
6270 0
6271 0
6272 0
6273 0
6274 0
6275 0
6276 0
6277 0
6278 0
6279 0
6280 0
6281 0
6282 0
6283 0
6284 0
6285 0
6286 0
6287 0
6288 0
6289 0
6290 0
6291 0
6292 0
6293 0
6294 0
6295 0
6296 0
6297 0
6298 0
6299 0
6300 0
6301 0
6302 0
6303 0
6304 0
6305 0
6306 0
6307 0
6308 0
6309 0
6310 0
6311 0
6312 0
6313 0
6314 0
6315 0
6316 0
6317 0
6318 0
6319 0
6320 0
6321 0
6322 0
6323 0
6324 0
6325 0
6326 0
6327 0
6328 0
6329 0
6330 0
6331 0
6332 0
6333 0
6334 0
6335 0
6336 0
6337 0
6338 0
6339 0
6340 0
6341 0
6342 0
6343 0
6344 0
6345 0
6346 0
6347 0
6348 0
6349 0
6350 0
6351 0
6352 0
6353 0
6354 0
6355 0
6356 0
6357 0
6358 0
6359 0
6360 0
6361 0
6362 0
6363 0
6364 0
6365 0
6366 0
6367 0
6368 0
6369 0
6370 0
6371 0
6372 0
6373 0
6374 0
6375 0
6376 0
6377 0
6378 0
6379 0
6380 0
6381 0
6382 0
6383 0
6384 0
6385 0
6386 0
6387 0
6388 0
6389 0
6390 0
6391 0
6392 0
6393 0
6394 0
6395 0
6396 0
6397 0
6398 0
6399 0
6400 0
6401 0
6402 0
6403 0
6404 0
6405 0
6406 0
6407 0
6408 0
6409 0
6410 0
6411 0
6412 0
6413 0
6414 0
6415 0
6416 0
6417 0
6418 0
6419 0
6420 0
6421 0
6422 0
6423 0
6424 0
6425 0
6426 0
6427 0
6428 0
6429 0
6430 0
6431 0
6432 0
6433 0
6434 0
6435 0
6436 0
6437 0
6438 0
6439 0
6440 0
6441 0
6442 0
6443 0
6444 0
6445 0
6446 0
6447 0
6448 0
6449 0
6450 0
6451 0
6452 0
6453 0
6454 0
6455 0
6456 0
6457 0
6458 0
6459 0
6460 0
6461 0
6462 0
6463 0
6464 0
6465 0
6466 0
6467 0
6468 0
6469 0
6470 0
6471 0
6472 0
6473 0
6474 0
6475 0
6476 0
6477 0
6478 0
6479 0
6480 0
6481 0
6482 0
6483 0
6484 0
6485 0
6486 0
6487 0
6488 0
6489 0
6490 0
6491 0
6492 0
6493 0
6494 0
6495 0
6496 0
6497 0
6498 0
6499 0
6500 0
6501 0
6502 0
6503 0
6504 0
6505 0
6506 0
6507 0
6508 0
6509 0
6510 0
6511 0
6512 0
6513 0
6514 0
6515 0
6516 0
6517 0
6518 0
6519 0
6520 0
6521 0
6522 0
6523 0
6524 0
6525 0
6526 0
6527 0
6528 0
6529 0
6530 0
6531 0
6532 0
6533 0
6534 0
6535 0
6536 0
6537 0
6538 0
6539 0
6540 0
6541 0
6542 0
6543 0
6544 0
6545 0
6546 0
6547 0
6548 0
6549 0
6550 0
6551 0
6552 0
6553 0
6554 0
6555 0
6556 0
6557 0
6558 0
6559 0
6560 0
6561 0
6562 0
6563 0
6564 0
6565 0
6566 0
6567 0
6568 0
6569 0
6570 0
6571 0
6572 0
6573 0
6574 0
6575 0
6576 0
6577 0
6578 0
6579 0
6580 0
6581 0
6582 0
6583 0
6584 0
6585 0
6586 0
6587 0
6588 0
6589 0
6590 0
6591 0
6592 0
6593 0
6594 0
6595 0
6596 0
6597 0
6598 0
6599 0
6600 0
6601 0
6602 0
6603 0
6604 0
6605 0
6606 0
6607 0
6608 0
6609 0
6610 0
6611 0
6612 0
6613 0
6614 0
6615 0
6616 0
6617 0
6618 0
6619 0
6620 0
6621 0
6622 0
6623 0
6624 0
6625 0
6626 0
6627 0
6628 0
6629 0
6630 0
6631 0
6632 0
6633 0
6634 0
6635 0
6636 0
6637 0
6638 0
6639 0
6640 0
6641 0
6642 0
6643 0
6644 0
6645 0
6646 0
6647 0
6648 0
6649 0
6650 0
6651 0
6652 0
6653 0
6654 0
6655 0
6656 0
6657 0
6658 0
6659 0
6660 0
6661 0
6662 0
6663 0
6664 0
6665 0
6666 0
6667 0
6668 0
6669 0
6670 0
6671 0
6672 0
6673 0
6674 0
6675 0
6676 0
6677 0
6678 0
6679 0
6680 0
6681 0
6682 0
6683 0
6684 0
6685 0
6686 0
6687 0
6688 0
6689 0
6690 0
6691 0
6692 0
6693 0
6694 0
6695 0
6696 0
6697 0
6698 0
6699 0
6700 0
6701 0
6702 0
6703 0
6704 0
6705 0
6706 0
6707 0
6708 0
6709 0
6710 0
6711 0
6712 0
6713 0
6714 0
6715 0
6716 0
6717 0
6718 0
6719 0
6720 0
6721 0
6722 0
6723 0
6724 0
6725 0
6726 0
6727 0
6728 0
6729 0
6730 0
6731 0
6732 0
6733 0
6734 0
6735 0
6736 0
6737 0
6738 0
6739 0
6740 0
6741 0
6742 0
6743 0
6744 0
6745 0
6746 0
6747 0
6748 0
6749 0
6750 0
6751 0
6752 0
6753 0
6754 0
6755 0
6756 0
6757 0
6758 0
6759 0
6760 0
6761 0
6762 0
6763 0
6764 0
6765 0
6766 0
6767 0
6768 0
6769 0
6770 0
6771 0
6772 0
6773 0
6774 0
6775 0
6776 0
6777 0
6778 0
6779 0
6780 0
6781 0
6782 0
6783 0
6784 0
6785 0
6786 0
6787 0
6788 0
6789 0
6790 0
6791 0
6792 0
6793 0
6794 0
6795 0
6796 0
6797 0
6798 0
6799 0
6800 0
6801 0
6802 0
6803 0
6804 0
6805 0
6806 0
6807 0
6808 0
6809 0
6810 0
6811 0
6812 0
6813 0
6814 0
6815 0
6816 0
6817 0
6818 0
6819 0
6820 0
6821 0
6822 0
6823 0
6824 0
6825 0
6826 0
6827 0
6828 0
6829 0
6830 0
6831 0
6832 0
6833 0
6834 0
6835 0
6836 0
6837 0
6838 0
6839 0
6840 0
6841 0
6842 0
6843 0
6844 0
6845 0
6846 0
6847 0
6848 0
6849 0
6850 0
6851 0
6852 0
6853 0
6854 0
6855 0
6856 0
6857 0
6858 0
6859 0
6860 0
6861 0
6862 0
6863 0
6864 0
6865 0
6866 0
6867 0
6868 0
6869 0
6870 0
6871 0
6872 0
6873 0
6874 0
6875 0
6876 0
6877 0
6878 0
6879 0
6880 0
6881 0
6882 0
6883 0
6884 0
6885 0
6886 0
6887 0
6888 0
6889 0
6890 0
6891 0
6892 0
6893 0
6894 0
6895 0
6896 0
6897 0
6898 0
6899 0
6900 0
6901 0
6902 0
6903 0
6904 0
